1 train2020/1.png 3 512 512 1 0 1 2 145.85344 95.016448 280.207872 158.562816 #
2 train2020/2.png 3 512 512 1 0 1 2 144.643072 93.200896 278.997504 150.089728 #
3 train2020/3.png 3 512 512 1 0 1 2 138.591232 93.200896 261.000192 147.999744 #
4 train2020/4.png 3 512 512 1 0 1 2 138.591232 88.359424 254.789632 137.380864 #
5 train2020/5.png 3 512 512 1 0 1 2 134.959616 84.72832 262.000128 142.000128 #
6 train2020/6.png 3 512 512 1 0 1 2 131.328512 82.912768 269.000192 140.000256 #
7 train2020/7.png 3 512 512 1 0 1 2 130.118144 79.886336 268.000256 136.169984 #
22 train2020/22.png 3 512 512 1 0 1 2 130.118144 75.650048 190.032896 108.331008 #
23 train2020/23.png 3 512 512 1 0 1 2 130.118144 76.255232 191.848448 104.699904 #
24 train2020/24.png 3 512 512 1 0 1 2 132.53888 76.860416 180.955136 100.463104 #
25 train2020/25.png 3 512 512 1 0 1 2 119.224832 73.229312 172.482048 96.832 #
26 train2020/26.png 3 512 512 1 0 1 2 122.250752 74.43968 172.482048 96.832 #
27 train2020/27.png 3 512 512 1 0 1 2 122.250752 78.675968 174.903296 98.647552 #
28 train2020/28.png 3 512 512 1 0 1 2 124.671488 85.938688 182.770688 117.408768 #
29 train2020/29.png 3 512 512 1 0 1 2 130.118144 95.621632 193.664512 122.855936 #
30 train2020/30.png 3 512 512 1 0 1 2 140.406784 98.647552 199.111168 127.092224
