# 1
train2020/1.png
3 512 512
1
0
1
2 145.85344 95.016448 280.207872 158.562816
# 2
train2020/2.png
3 512 512
1
0
2
2 144.643072 93.200896 278.997504 150.089728
0 131.643072 93.200896 278.997504 150.089728
# 3
train2020/3.png
3 512 512
1
0
1
2 138.591232 93.200896 261.000192 147.999744
# 4
train2020/4.png
3 512 512
1
0
4
2 138.591232 88.359424 254.789632 137.380864
0 111.591232 88.359424 254.789632 137.380864
1 144.591232 88.359424 254.789632 137.380864
0 196.591232 88.359424 254.789632 137.380864
# 5
train2020/5.png
3 512 512
1
0
1
0 134.959616 84.72832 262.000128 142.000128
# 6
train2020/6.png
3 512 512
1
0
1
2 131.328512 82.912768 269.000192 140.000256
# 7
train2020/7.png
3 512 512
1
0
1
2 130.118144 79.886336 268.000256 136.169984