
1 train2020/1.png 3 512 512 1 0 1 2 145.85344 95.016448 280.207872 158.562816 #
2 train2020/2.png 3 512 512 1 0 1 2 144.643072 93.200896 278.997504 150.089728 #
3 train2020/3.png 3 512 512 1 0 1 2 138.591232 93.200896 261.000192 147.999744 #
4 train2020/4.png 3 512 512 1 0 1 2 138.591232 88.359424 254.789632 137.380864 #
5 train2020/5.png 3 512 512 1 0 1 2 134.959616 84.72832 262.000128 142.000128 #
6 train2020/6.png 3 512 512 1 0 1 2 131.328512 82.912768 269.000192 140.000256 #
7 train2020/7.png 3 512 512 1 0 1 2 130.118144 79.886336 268.000256 136.169984 #
8 train2018/8.png 3 512 512 1 0 1 0 182.165504 274.761216 272.945664 312.283648 #
9 train2018/9.png 3 512 512 1 0 1 0 177.929216 274.156032 260.841472 309.862912 #
10 train2018/10.png 3 512 512 1 0 1 0 183.981056 269.919744 270.524928 308.04736 #
11 train2018/11.png 3 512 512 1 0 1 0 181.56032 256.605184 267.499008 289.286144 #
12 train2018/12.png 3 512 512 1 0 1 0 184.58624 249.342976 265.683456 286.260224 #
13 train2018/13.png 3 512 512 1 0 1 0 166.430208 246.316544 256.0 282.628608 #
14 train2018/14.png 3 512 512 1 0 1 0 167.640576 247.527424 243.895808 282.023424 #
15 train2018/15.png 3 512 512 1 0 1 0 172.482048 253.579264 250.553344 285.049856 #
16 train2018/16.png 3 512 512 1 0 1 0 176.718848 254.184448 251.158528 282.023424 #
17 train2018/17.png 3 512 512 1 0 1 0 183.375872 257.815552 267.499008 290.496512 #
18 train2018/18.png 3 512 512 1 0 1 0 201.531904 259.631104 282.628608 290.496512 #
19 train2018/19.png 3 512 512 1 0 1 0 206.97856 277.787136 291.101696 313.494016 #
20 train2018/20.png 3 512 512 1 0 1 0 211.820544 286.260224 286.865408 321.967104 #
21 train2018/21.png 3 512 512 1 0 1 0 224.529408 295.943168 289.286144 328.018944 #
22 train2020/22.png 3 512 512 1 0 1 2 130.118144 75.650048 190.032896 108.331008 #
23 train2020/23.png 3 512 512 1 0 1 2 130.118144 76.255232 191.848448 104.699904 #
24 train2020/24.png 3 512 512 1 0 1 2 132.53888 76.860416 180.955136 100.463104 #
25 train2020/25.png 3 512 512 1 0 1 2 119.224832 73.229312 172.482048 96.832 #
26 train2020/26.png 3 512 512 1 0 1 2 122.250752 74.43968 172.482048 96.832 #
27 train2020/27.png 3 512 512 1 0 1 2 122.250752 78.675968 174.903296 98.647552 #
28 train2020/28.png 3 512 512 1 0 1 2 124.671488 85.938688 182.770688 117.408768 #
29 train2020/29.png 3 512 512 1 0 1 2 130.118144 95.621632 193.664512 122.855936 #
30 train2020/30.png 3 512 512 1 0 1 2 140.406784 98.647552 199.111168 127.092224 #
31 train2020/31.png 3 512 512 1 0 1 2 141.617152 99.85792 203.95264 127.697408 #
32 train2020/32.png 3 512 512 1 0 1 2 147.063808 96.226816 202.137088 124.066304 #
33 train2020/33.png 3 512 512 1 0 1 2 144.643072 95.016448 205.163008 120.4352 #
34 train2020/34.png 3 512 512 1 0 1 2 146.458624 94.411264 199.111168 116.1984 #
35 train2020/35.png 3 512 512 1 0 1 2 144.643072 88.964608 201.531904 110.751744 #
36 train2020/36.png 3 512 512 1 0 1 2 143.432704 79.886336 199.111168 110.14656 #
37 train2020/37.png 3 512 512 1 0 1 2 142.82752 77.4656 196.690432 105.305088 #
38 train2020/38.png 3 512 512 1 0 1 2 139.8016 74.43968 195.480064 101.0688 #
39 train2020/39.png 3 512 512 1 0 1 1 169.456128 80.49152 226.950144 101.0688 #
40 train2020/40.png 3 512 512 1 0 1 1 172.482048 91.990528 229.371392 114.382848 #
41 train2020/41.png 3 512 512 1 0 1 1 159.168 82.912768 219.082752 108.936192 #
42 train2020/42.png 3 512 512 1 0 1 1 165.21984 82.307584 225.134592 104.699904 #
43 train2020/43.png 3 512 512 1 0 1 1 164.009472 78.675968 226.34496 100.463104 #
44 train2020/44.png 3 512 512 1 0 1 1 168.24576 76.255232 222.108672 95.016448 #
45 train2020/45.png 3 512 512 1 0 1 1 167.640576 75.044864 216.056832 93.200896 #
46 train2020/46.png 3 512 512 1 0 1 1 161.588736 72.624128 216.056832 92.595712 #
47 train2020/47.png 3 512 512 1 0 1 1 153.115648 70.808576 214.24128 93.200896 #
48 train2020/48.png 3 512 512 1 0 1 1 155.536896 75.650048 222.108672 99.85792 #
49 train2020/49.png 3 512 512 1 0 1 1 160.378368 89.569792 225.739776 113.777664 #
50 train2020/50.png 3 512 512 1 0 1 1 171.876864 100.463104 231.792128 123.46112 #
51 train2020/51.png 3 512 512 1 0 1 1 182.770688 99.252736 245.71136 127.092224 #
52 train2020/52.png 3 512 512 1 0 1 1 32.075776 206.97856 59.309568 237.238784 #
53 train2020/53.png 3 512 512 1 0 1 1 22.997504 197.9008 53.862912 233.002496 #
54 train2020/54.png 3 512 512 1 0 1 1 18.156032 187.61216 49.02144 216.056832 #
55 train2020/55.png 3 512 512 1 0 1 1 19.971584 189.427712 47.811072 217.2672 #
56 train2020/56.png 3 512 512 1 0 1 1 12.104192 147.668992 40.548352 187.006976 #
57 train2020/57.png 3 512 512 1 0 1 1 4.236288 111.962112 27.233792 141.617152 #
58 train2020/58.png 3 512 512 1 0 1 1 43.574272 224.529408 73.834496 259.631104 #
59 train2020/59.png 3 512 512 1 0 1 1 44.179456 229.976576 76.255232 265.07776 #
60 train2020/60.png 3 512 512 1 0 1 1 47.811072 233.60768 82.912768 270.524928 #
61 train2020/61.png 3 512 512 1 0 1 1 51.442176 233.60768 84.123136 267.499008 #
62 train2020/62.png 3 512 512 1 0 1 1 55.678464 237.238784 89.569792 269.919744 #
63 train2020/63.png 3 512 512 1 0 1 1 54.468096 229.976576 82.912768 260.841472 #
64 train2020/64.png 3 512 512 1 0 1 1 46.600704 216.662016 78.675968 256.0 #
65 train2020/65.png 3 512 512 1 0 1 1 32.075776 207.583744 59.914752 232.397312 #
66 train2020/66.png 3 512 512 1 0 1 1 197.295616 40.548352 233.002496 62.335488 #
67 train2020/67.png 3 512 512 1 0 1 1 200.92672 52.04736 237.843968 75.650048 #
68 train2020/68.png 3 512 512 1 0 1 1 208.188928 75.650048 241.475072 96.226816 #
69 train2020/69.png 3 512 512 1 0 1 1 216.056832 84.72832 243.290624 105.305088 #
70 train2020/70.png 3 512 512 1 0 1 1 225.134592 96.226816 251.763712 116.1984 #
71 train2020/71.png 3 512 512 1 0 1 1 234.818048 104.09472 264.472576 125.881856 #
72 train2020/72.png 3 512 512 1 0 1 1 233.60768 97.437184 262.657024 116.1984 #
73 train2020/73.png 3 512 512 1 0 1 1 224.529408 88.359424 259.631104 107.12064 #
74 train2020/74.png 3 512 512 1 0 1 1 214.846464 61.730304 252.97408 80.49152 #
75 train2020/75.png 3 512 512 1 0 1 1 166.430208 403.063808 211.21536 423.035392 #
76 train2020/76.png 3 512 512 1 0 1 1 167.640576 401.85344 210.00448 421.21984 #
77 train2020/77.png 3 512 512 1 0 1 1 171.27168 397.617152 209.399296 416.378368 #
78 train2020/78.png 3 512 512 1 0 1 1 176.718848 386.723328 216.662016 408.510464 #
79 train2020/79.png 3 512 512 1 0 1 1 179.744768 387.933696 216.056832 404.87936 #
80 train2020/80.png 3 512 512 1 0 1 1 177.324032 389.749248 217.2672 407.300096 #
81 train2020/81.png 3 512 512 1 0 1 1 180.349952 392.169984 220.898304 409.115648 #
82 train2020/82.png 3 512 512 1 0 1 1 179.744768 386.118144 217.2672 405.484544 #
83 train2020/83.png 3 512 512 1 0 1 1 177.324032 385.51296 217.872384 408.510464 #
84 train2020/84.png 3 512 512 1 0 2 2 97.437184 65.967104 124.066304 88.964608 2 162.999808 53.000192 200.0 78.000128 #
85 train2020/85.png 3 512 512 1 0 2 2 90.174976 72.624128 116.803584 95.016448 2 159.168 58.0992 196.690432 78.675968 #
86 train2020/86.png 3 512 512 1 0 2 2 76.860416 67.177472 105.305088 91.990528 2 144.643072 50.231808 183.981056 74.43968 #
87 train2020/87.png 3 512 512 1 0 2 2 77.4656 62.940672 102.884352 87.149056 2 145.85344 45.99552 182.770688 69.598208 #
88 train2020/88.png 3 512 512 1 0 2 2 159.168 47.811072 300.179456 84.72832 1 223.924224 173.087232 259.02592 223.924224 #
89 train2020/89.png 3 512 512 1 0 2 2 159.773184 47.205888 296.0 88.359424 1 228.766208 179.744768 262.05184 225.739776 #
90 train2020/90.png 3 512 512 1 0 3 2 159.168 45.99552 293.000192 85.333504 1 223.31904 178.5344 254.789632 223.31904 1 230.58176 318.940672 271.130112 392.169984 #
91 train2020/91.png 3 512 512 1 0 3 2 156.747264 45.389824 286.000128 87.149056 1 215.451648 182.770688 245.71136 226.950144 1 225.739776 319.545856 267.499008 387.933696 #
92 train2020/92.png 3 512 512 1 0 3 2 157.352448 46.600704 290.999808 94.411264 0 214.24128 186.401792 243.290624 226.34496 0 223.924224 317.730304 264.472576 386.118144 #
93 train2020/93.png 3 512 512 1 0 3 2 160.378368 60.519936 294.000128 105.305088 1 215.451648 188.217344 248.132608 233.60768 1 222.713856 325.598208 265.07776 392.775168 #
94 train2020/94.png 3 512 512 1 0 3 2 174.298112 70.808576 305.999872 109.541376 1 223.924224 195.480064 256.0 240.264704 0 233.60768 328.018944 273.550848 389.144064 #
95 train2020/95.png 3 512 512 1 0 2 1 235.423232 197.9008 272.34048 248.737792 1 249.342976 334.070784 289.891328 393.380864 #
96 train2020/96.png 3 512 512 1 0 1 1 254.789632 333.4656 297.153536 395.8016 #
97 train2020/97.png 3 512 512 1 0 1 1 253.579264 329.834496 293.522432 384.302592 #
98 train2020/98.png 3 512 512 1 0 3 2 104.09472 97.437184 133.749248 129.51296 2 134.354432 39.943168 264.472576 114.988032 2 131.933696 145.85344 163.404288 178.5344 #
99 train2020/99.png 3 512 512 1 0 3 2 103.489536 98.042368 133.749248 128.302592 2 119.830016 144.037888 155.536896 176.718848 2 134.959616 36.312064 252.97408 113.777664 #
100 train2020/100.png 3 512 512 1 0 3 2 90.78016 99.85792 119.830016 131.328512 2 112.567296 142.82752 145.248256 176.113664 2 120.4352 30.865408 264.472576 116.803584 #
101 train2020/101.png 3 512 512 1 0 3 2 90.174976 106.515456 121.040384 139.196416 2 122.250752 41.153536 264.472576 121.645568 2 110.14656 147.063808 149.484544 185.796608 #
102 train2020/102.png 3 512 512 1 0 3 0 91.990528 113.17248 128.302592 146.458624 0 128.999936 52.04736 267.499008 128.302592 0 117.408768 154.326016 153.115648 190.032896 #
103 train2018/103.png 3 512 512 1 0 2 0 41.75872 256.605184 72.018944 316.519936 0 136.775168 308.652544 203.347456 337.096704 #
104 train2018/104.png 3 512 512 1 0 2 0 41.153536 254.789632 73.834496 306.836992 0 137.986048 293.522432 199.716352 318.940672 #
105 train2018/105.png 3 512 512 1 0 2 0 36.312064 238.449152 67.177472 286.260224 0 131.328512 266.893824 186.401792 293.522432 #
106 train2018/106.png 3 512 512 1 0 2 0 37.522432 224.529408 66.572288 269.919744 0 128.302592 251.763712 180.349952 280.207872 #
107 train2018/107.png 3 512 512 1 0 2 0 126.48704 243.290624 182.165504 272.945664 0 26.023424 197.9008 61.12512 250.553344 #
108 train2020/108.png 3 512 512 1 0 3 2 140.406784 45.99552 333.000192 90.78016 2 180.955136 186.401792 227.999744 310.000128 1 171.27168 124.671488 223.924224 183.375872 #
109 train2020/109.png 3 512 512 1 0 3 2 138.591232 36.917248 333.000192 84.123136 2 173.000192 183.981056 223.000064 309.000192 1 164.009472 118.013952 217.2672 180.349952 #
110 train2020/110.png 3 512 512 1 0 3 2 142.82752 39.337984 333.000192 88.964608 2 168.999936 187.006976 223.924224 317.000192 1 167.035392 124.066304 219.082752 185.191424 #
111 train2020/111.png 3 512 512 1 0 3 2 143.432704 56.283648 332.000256 101.673984 2 179.139584 207.583744 239.054336 337.701888 1 164.009472 125.881856 222.713856 197.9008 #
112 train2020/112.png 3 512 512 1 0 3 2 152.510464 68.38784 342.000128 114.382848 2 191.243264 216.056832 254.184448 339.517952 1 176.113664 137.986048 234.212864 209.399296 #
113 train2020/113.png 3 512 512 1 0 3 2 151.300096 73.229312 346.78016 120.4352 2 201.531904 235.423232 265.07776 352.226816 1 187.006976 143.432704 248.132608 217.872384 #
114 train2020/114.png 3 512 512 1 0 3 2 166.430208 76.860416 350.411264 120.4352 2 213.636096 222.108672 272.945664 340.72832 1 196.690432 142.82752 252.97408 213.636096 #
115 train2020/115.png 3 512 512 1 0 2 2 164.009472 72.624128 350.411264 114.382848 2 213.030912 220.29312 267.499008 333.4656 #
116 train2020/116.png 3 512 512 1 0 2 2 162.19392 68.38784 352.226816 111.356928 2 212.425728 216.056832 268.104192 329.229312 #
117 train2020/117.png 3 512 512 1 0 3 2 150.694912 62.940672 351.621632 105.910272 2 199.111168 220.898304 257.210368 335.281152 1 185.191424 131.328512 244.500992 213.636096 #
118 train2020/118.png 3 512 512 1 0 2 2 187.006976 213.636096 257.210368 338.307584 1 187.61216 138.591232 245.106176 210.00448 #
119 train2020/119.png 3 512 512 1 0 1 1 111.962112 95.016448 172.482048 121.040384 #
120 train2020/120.png 3 512 512 1 0 1 1 111.356928 105.305088 171.876864 128.302592 #
121 train2020/121.png 3 512 512 1 0 1 1 110.751744 116.1984 171.876864 139.196416 #
122 train2020/122.png 3 512 512 1 0 1 1 117.408768 118.619136 177.324032 141.617152 #
123 train2020/123.png 3 512 512 1 0 1 1 133.749248 119.830016 185.796608 142.222336 #
124 train2020/124.png 3 512 512 1 0 1 1 127.697408 115.593216 180.349952 137.986048 #
125 train2020/125.png 3 512 512 1 0 1 1 116.803584 91.385344 172.482048 114.382848 #
126 train2020/126.png 3 512 512 1 0 1 2 197.9008 90.174976 240.869888 132.53888 #