8 train2018/8.png 3 512 512 1 0 1 0 182.165504 274.761216 272.945664 312.283648 #
9 train2018/9.png 3 512 512 1 0 1 0 177.929216 274.156032 260.841472 309.862912 #
10 train2018/10.png 3 512 512 1 0 1 0 183.981056 269.919744 270.524928 308.04736 #
11 train2018/11.png 3 512 512 1 0 1 0 181.56032 256.605184 267.499008 289.286144 #
12 train2018/12.png 3 512 512 1 0 1 0 184.58624 249.342976 265.683456 286.260224 #
13 train2018/13.png 3 512 512 1 0 1 0 166.430208 246.316544 256.0 282.628608 #
14 train2018/14.png 3 512 512 1 0 1 0 167.640576 247.527424 243.895808 282.023424 #
15 train2018/15.png 3 512 512 1 0 1 0 172.482048 253.579264 250.553344 285.049856 #
16 train2018/16.png 3 512 512 1 0 1 0 176.718848 254.184448 251.158528 282.023424 #
17 train2018/17.png 3 512 512 1 0 1 0 183.375872 257.815552 267.499008 290.496512 #
18 train2018/18.png 3 512 512 1 0 1 0 201.531904 259.631104 282.628608 290.496512 #
19 train2018/19.png 3 512 512 1 0 1 0 206.97856 277.787136 291.101696 313.494016 #
20 train2018/20.png 3 512 512 1 0 1 0 211.820544 286.260224 286.865408 321.967104 #
21 train2018/21.png 3 512 512 1 0 1 0 224.529408 295.943168 289.286144 328.018944 #
103 train2018/103.png 3 512 512 1 0 2 0 41.75872 256.605184 72.018944 316.519936 0 136.775168 308.652544 203.347456 337.096704 #
104 train2018/104.png 3 512 512 1 0 2 0 41.153536 254.789632 73.834496 306.836992 0 137.986048 293.522432 199.716352 318.940672 #
105 train2018/105.png 3 512 512 1 0 2 0 36.312064 238.449152 67.177472 286.260224 0 131.328512 266.893824 186.401792 293.522432 #
106 train2018/106.png 3 512 512 1 0 2 0 37.522432 224.529408 66.572288 269.919744 0 128.302592 251.763712 180.349952 280.207872 #
107 train2018/107.png 3 512 512 1 0 2 0 126.48704 243.290624 182.165504 272.945664 0 26.023424 197.9008 61.12512 250.553344 #
145 train2018/145.png 3 512 512 1 0 1 0 295.563776 311.078912 322.715136 335.903232 #
146 train2018/146.png 3 512 512 1 0 1 0 294.011904 318.836224 315.733504 339.781632 #
147 train2018/147.png 3 512 512 1 0 1 0 297.115136 325.818368 319.611904 346.763776 #
171 train2018/171.png 3 512 512 1 0 1 0 128.0 122.569728 155.15136 158.254592 #
207 train2018/207.png 3 512 512 1 0 1 0 205.57568 113.260544 255.22432 138.084864 #
208 train2018/208.png 3 512 512 1 0 1 0 211.005952 118.690816 262.981632 143.515136 #
209 train2018/209.png 3 512 512 1 0 1 0 211.005952 121.018368 265.309184 145.066496 #
210 train2018/210.png 3 512 512 1 0 1 0 211.781632 119.466496 268.411904 146.618368 #
211 train2018/211.png 3 512 512 1 0 1 0 214.884864 115.588096 256.0 138.084864 #
212 train2018/212.png 3 512 512 1 0 1 0 210.230272 103.95136 259.999744 129.999872 #
213 train2018/213.png 3 512 512 1 0 1 0 208.999936 102.000128 262.000128 124.896768 #
248 train2018/248.png 3 512 512 1 0 1 0 105.503232 240.484864 124.121088 280.82432 #
249 train2018/249.png 3 512 512 1 0 1 0 100.84864 238.157824 120.242176 279.27296 #
259 train2018/259.png 3 512 512 1 0 1 0 131.103232 295.563776 227.296768 468.557824 #
260 train2018/260.png 3 512 512 1 0 1 0 130.32704 289.357824 221.090816 477.090816 #
261 train2018/261.png 3 512 512 1 0 1 0 129.55136 300.218368 212.557824 479.418368 #
262 train2018/262.png 3 512 512 1 0 1 0 112.484864 298.666496 206.35136 484.84864 #
282 train2018/282.png 3 512 512 1 0 1 0 238.933504 138.860544 396.000256 211.999744 #
287 train2018/287.png 3 512 512 1 0 1 0 112.484864 174.545408 204.8 204.02432 #
291 train2018/291.png 3 512 512 1 0 1 0 134.981632 105.503232 218.763776 322.715136 #
297 train2018/297.png 3 512 512 1 0 2 0 156.703232 177.64864 173.769728 194.715136 0 127.22432 180.75136 142.739456 195.490816 #
298 train2018/298.png 3 512 512 1 0 2 0 152.82432 176.096768 171.442176 190.836224 0 123.345408 176.87296 142.739456 195.490816 #
299 train2018/299.png 3 512 512 1 0 2 0 153.6 182.303232 172.994048 197.818368 0 123.345408 185.405952 142.739456 204.8 #
300 train2018/300.png 3 512 512 1 0 2 0 158.254592 187.733504 179.2 201.696768 0 127.22432 188.509184 148.945408 206.35136 #
301 train2018/301.png 3 512 512 1 0 2 0 162.133504 191.611904 183.078912 209.454592 0 131.878912 189.284864 153.6 210.230272 #
302 train2018/302.png 3 512 512 1 0 1 0 135.757824 189.284864 162.133504 211.781632 #
327 train2018/327.png 3 512 512 1 0 1 0 202.47296 256.0 254.44864 289.357824 #
328 train2018/328.png 3 512 512 1 0 1 0 195.490816 138.860544 213.333504 155.15136 #
329 train2018/329.png 3 512 512 1 0 1 0 189.284864 134.205952 208.678912 150.496768 #
330 train2018/330.png 3 512 512 1 0 1 0 183.078912 126.44864 200.921088 141.963776 #
331 train2018/331.png 3 512 512 1 0 1 0 184.630272 120.242176 201.696768 135.757824 #
332 train2018/332.png 3 512 512 1 0 1 0 58.957824 98.521088 89.988096 123.345408 #
333 train2018/333.png 3 512 512 1 0 1 0 76.02432 138.084864 118.690816 173.769728 #
334 train2018/334.png 3 512 512 1 0 1 0 84.557824 139.636224 121.794048 177.64864 #
342 train2018/342.png 3 512 512 1 0 1 0 87.660544 138.084864 108.605952 154.37568 #
343 train2018/343.png 3 512 512 1 0 1 0 91.539456 138.860544 109.381632 157.478912 #
344 train2018/344.png 3 512 512 1 0 1 0 93.866496 159.805952 113.260544 181.52704 #
345 train2018/345.png 3 512 512 1 0 1 0 104.72704 162.133504 123.345408 185.405952 #
346 train2018/346.png 3 512 512 1 0 1 0 108.605952 169.890816 125.67296 191.611904 #
347 train2018/347.png 3 512 512 1 0 1 0 113.260544 179.97568 126.44864 203.24864 #
356 train2018/356.png 3 512 512 1 0 1 0 186.181632 141.188096 217.988096 170.666496 #
357 train2018/357.png 3 512 512 1 0 1 0 186.181632 148.945408 215.660544 175.321088 #
358 train2018/358.png 3 512 512 1 0 1 0 183.078912 154.37568 221.866496 181.52704 #
359 train2018/359.png 3 512 512 1 0 1 0 180.75136 157.478912 217.211904 193.939456 #
395 train2018/395.png 3 512 512 1 0 2 0 217.211904 74.47296 253.67296 100.07296 0 187.733504 156.703232 207.12704 198.594048 #
396 train2018/396.png 3 512 512 1 0 2 0 211.781632 69.042176 255.22432 100.07296 0 184.630272 149.721088 205.57568 190.060544 #
397 train2018/397.png 3 512 512 1 0 2 0 210.230272 65.163776 258.32704 94.642176 0 186.957824 148.945408 207.12704 188.509184 #
398 train2018/398.png 3 512 512 1 0 2 0 218.763776 64.388096 254.44864 91.539456 0 184.630272 149.721088 204.02432 186.181632 #
399 train2018/399.png 3 512 512 1 0 2 0 214.884864 59.733504 249.018368 83.781632 0 183.078912 138.084864 205.57568 184.630272 #
400 train2018/400.png 3 512 512 1 0 1 0 180.75136 140.411904 203.24864 183.078912 #
401 train2018/401.png 3 512 512 1 0 1 0 249.794048 35.684864 311.078912 56.630272 #
402 train2018/402.png 3 512 512 1 0 1 0 252.121088 33.357824 307.97568 53.52704 #
403 train2018/403.png 3 512 512 1 0 1 0 257.55136 32.581632 307.97568 50.42432 #
404 train2018/404.png 3 512 512 1 0 1 0 256.0 26.37568 301.769728 42.666496 #
405 train2018/405.png 3 512 512 1 0 1 0 273.842176 34.133504 311.854592 46.545408 #
406 train2018/406.png 3 512 512 1 0 1 0 276.169728 34.909184 319.611904 49.64864 #
407 train2018/407.png 3 512 512 1 0 1 0 137.309184 197.818368 154.37568 220.315136 #
408 train2018/408.png 3 512 512 1 0 1 0 133.430272 193.939456 150.496768 215.660544 #
409 train2018/409.png 3 512 512 1 0 1 0 131.878912 193.163776 146.618368 212.557824 #
410 train2018/410.png 3 512 512 1 0 1 0 128.0 184.630272 145.842176 207.903232 #
411 train2018/411.png 3 512 512 1 0 1 0 126.44864 179.2 141.188096 199.369728 #
416 train2018/416.png 3 512 512 1 0 1 0 206.35136 68.266496 228.84864 87.660544 #
417 train2018/417.png 3 512 512 1 0 1 0 214.109184 79.903232 234.278912 96.969728 #
418 train2018/418.png 3 512 512 1 0 1 0 232.72704 97.745408 250.569728 117.139456 #
419 train2018/419.png 3 512 512 1 0 1 0 242.811904 109.381632 257.55136 128.77568 #
424 train2018/424.png 3 512 512 1 0 1 0 79.12704 182.303232 89.211904 193.939456 #
425 train2018/425.png 3 512 512 1 0 1 0 83.005952 192.388096 95.418368 206.35136 #
426 train2018/426.png 3 512 512 1 0 1 0 96.194048 200.921088 108.605952 217.211904 #
427 train2018/427.png 3 512 512 1 0 1 0 103.17568 211.005952 116.363776 225.745408 #
432 train2018/432.png 3 512 512 1 0 1 0 101.62432 144.290816 110.933504 154.37568 #
433 train2018/433.png 3 512 512 1 0 1 0 93.866496 137.309184 104.72704 147.394048 #
434 train2018/434.png 3 512 512 1 0 1 0 94.642176 136.533504 104.72704 145.842176 #
435 train2018/435.png 3 512 512 1 0 1 0 102.4 135.757824 111.709184 145.842176 #
436 train2018/436.png 3 512 512 1 0 1 0 93.866496 132.654592 104.72704 144.290816 #
437 train2018/437.png 3 512 512 1 0 1 0 101.62432 139.636224 111.709184 150.496768 #
438 train2018/438.png 3 512 512 1 0 1 0 316.509184 100.07296 340.557824 113.260544 #
439 train2018/439.png 3 512 512 1 0 1 0 316.509184 100.84864 341.333504 116.363776 #
440 train2018/440.png 3 512 512 1 0 1 0 313.405952 104.72704 342.884864 117.915136 #
441 train2018/441.png 3 512 512 1 0 1 0 307.97568 96.194048 337.454592 111.709184 #
442 train2018/442.png 3 512 512 1 0 1 0 314.181632 100.07296 339.005952 113.260544 #
458 train2018/458.png 3 512 512 1 0 1 0 245.915136 131.878912 256.0 139.636224 #
459 train2018/459.png 3 512 512 1 0 1 0 242.811904 123.345408 252.121088 131.103232 #
460 train2018/460.png 3 512 512 1 0 1 0 241.260544 117.139456 253.67296 127.22432 #
461 train2018/461.png 3 512 512 1 0 1 0 238.933504 116.363776 251.345408 125.67296 #
462 train2018/462.png 3 512 512 1 0 1 0 236.605952 114.811904 249.794048 124.121088 #
463 train2018/463.png 3 512 512 1 0 1 0 223.418368 109.381632 234.278912 117.915136 #
464 train2018/464.png 3 512 512 1 0 1 0 228.07296 110.157824 240.484864 121.794048 #
465 train2018/465.png 3 512 512 1 0 1 0 234.278912 121.794048 245.915136 131.878912 #
466 train2018/466.png 3 512 512 1 0 1 0 243.588096 128.0 255.22432 138.860544 #
467 train2018/467.png 3 512 512 1 0 1 0 216.436224 322.715136 245.915136 380.121088 #
508 train2018/508.png 3 512 512 1 0 1 0 159.030272 333.57568 179.97568 369.260544 #
572 train2018/572.png 3 512 512 1 0 1 0 205.57568 74.47296 229.62432 90.763776 #
573 train2018/573.png 3 512 512 1 0 1 0 208.678912 74.47296 234.278912 96.194048 #
574 train2018/574.png 3 512 512 1 0 1 0 212.557824 72.921088 235.830272 90.763776 #
575 train2018/575.png 3 512 512 1 0 1 0 215.660544 72.145408 237.381632 89.211904 #
576 train2018/576.png 3 512 512 1 0 1 0 216.436224 70.594048 238.157824 87.660544 #
593 train2018/593.png 3 512 512 1 0 1 0 100.84864 238.157824 139.636224 286.254592 #
594 train2018/594.png 3 512 512 1 0 1 0 95.418368 238.157824 131.878912 280.82432 #
595 train2018/595.png 3 512 512 1 0 1 0 90.763776 239.709184 127.22432 282.37568 #
596 train2018/596.png 3 512 512 1 0 1 0 86.884864 239.709184 125.67296 281.6 #
617 train2018/617.png 3 512 512 1 0 1 0 193.163776 40.339456 244.363776 55.854592 #
622 train2018/622.png 3 512 512 1 0 1 0 251.345408 138.860544 263.757824 165.236224 #
623 train2018/623.png 3 512 512 1 0 1 0 249.018368 132.654592 259.878912 155.92704 #
624 train2018/624.png 3 512 512 1 0 1 0 247.466496 121.794048 260.654592 146.618368 #
625 train2018/625.png 3 512 512 1 0 1 0 244.363776 114.036224 255.22432 138.084864 #
626 train2018/626.png 3 512 512 1 0 1 0 60.509184 222.642176 83.781632 259.103232 #
627 train2018/627.png 3 512 512 1 0 1 0 77.57568 228.07296 99.296768 261.430272 #
628 train2018/628.png 3 512 512 1 0 1 0 83.005952 223.418368 108.605952 257.55136 #
725 train2018/725.png 3 512 512 1 0 1 0 135.901184 70.58432 169.613312 93.761536 #
726 train2018/726.png 3 512 512 1 0 1 0 134.847488 70.057472 171.193344 96.395264 #
727 train2018/727.png 3 512 512 1 0 1 0 136.95488 85.85984 177.514496 116.411392 #
782 train2018/782.png 3 512 512 1 0 1 0 40.032768 150.650368 149.069824 306.56768 #
783 train2018/783.png 3 512 512 1 0 1 0 13.695488 149.596672 149.596672 272.329216 #
784 train2018/784.png 3 512 512 1 0 1 0 7.901184 144.856064 144.856064 271.27552 #
1094 train2018/1094.png 3 512 512 1 0 1 0 155.418624 128.964608 190.690816 161.481216 #
1095 train2018/1095.png 3 512 512 1 0 1 0 160.929792 128.964608 193.446912 162.583552 #
1096 train2018/1096.png 3 512 512 1 0 1 0 160.37888 133.924864 193.446912 165.339136 #
1097 train2018/1097.png 3 512 512 1 0 1 0 162.032128 138.884608 191.24224 171.95264 #
1098 train2018/1098.png 3 512 512 1 0 1 0 153.765376 148.254208 186.833408 179.117568 #
1099 train2018/1099.png 3 512 512 1 0 1 0 157.071872 147.702784 185.179648 178.566144 #
1100 train2018/1100.png 3 512 512 1 0 1 0 154.867712 144.396288 186.833408 178.566144 #
1101 train2018/1101.png 3 512 512 1 0 1 0 147.151872 141.08928 179.66848 171.401728 #
1102 train2018/1102.png 3 512 512 1 0 1 0 151.560704 127.862272 184.077312 162.032128 #
1103 train2018/1103.png 3 512 512 1 0 1 0 151.560704 120.146432 182.424064 152.66304 #
1104 train2018/1104.png 3 512 512 1 0 1 0 156.52096 122.351104 184.628736 152.66304 #
1105 train2018/1105.png 3 512 512 1 0 1 0 156.52096 116.839424 188.486656 151.560704 #
1106 train2018/1106.png 3 512 512 1 0 1 0 160.37888 124.555264 190.139904 158.174208 #
1107 train2018/1107.png 3 512 512 1 0 1 0 158.725632 124.555264 188.486656 159.276544 #
1108 train2018/1108.png 3 512 512 1 0 1 0 153.765376 138.884608 186.281984 170.299392 #
1109 train2018/1109.png 3 512 512 1 0 1 0 151.009792 140.538368 186.833408 174.157312 #
1135 train2018/1135.png 3 512 512 1 0 1 0 48.499712 209.980416 79.36256 246.906368 #
1136 train2018/1136.png 3 512 512 1 0 1 0 54.561792 214.940672 85.976064 252.417536 #
1137 train2018/1137.png 3 512 512 1 0 1 0 61.72672 221.003264 95.896576 266.195968 #
1138 train2018/1138.png 3 512 512 1 0 1 0 58.419712 217.696256 91.487744 263.440384 #
1139 train2018/1139.png 3 512 512 1 0 1 0 57.8688 216.043008 92.038656 265.093632 #
1140 train2018/1140.png 3 512 512 1 0 1 0 55.664128 205.020672 93.140992 252.417536 #
1141 train2018/1141.png 3 512 512 1 0 1 0 54.561792 207.224832 89.283072 249.661952 #
1142 train2018/1142.png 3 512 512 1 0 1 0 55.113216 207.776256 88.73216 249.661952 #
1245 train2018/1245.png 3 512 512 1 0 1 0 205.020672 122.351104 252.96896 173.054976 #
1258 train2018/1258.png 3 512 512 1 0 1 0 85.976064 91.487744 136.129024 131.720192 #
1259 train2018/1259.png 3 512 512 1 0 1 0 88.180736 88.180736 137.782784 132.271104 #
1260 train2018/1260.png 3 512 512 1 0 1 0 87.0784 92.038656 134.475776 137.782784 #
1261 train2018/1261.png 3 512 512 1 0 1 0 82.669568 93.691904 137.782784 137.23136 #
1262 train2018/1262.png 3 512 512 1 0 1 0 83.771904 100.856832 127.862272 139.436032 #
1263 train2018/1263.png 3 512 512 1 0 1 0 79.913984 102.51008 127.862272 136.680448 #
1264 train2018/1264.png 3 512 512 1 0 1 0 88.73216 121.248768 151.009792 185.179648 #
1265 train2018/1265.png 3 512 512 1 0 1 0 84.322816 110.777344 156.52096 177.463808 #
1266 train2018/1266.png 3 512 512 1 0 1 0 87.0784 114.635264 154.867712 170.850304 #
1267 train2018/1267.png 3 512 512 1 0 1 0 86.527488 118.493184 153.214464 176.361472 #
1268 train2018/1268.png 3 512 512 1 0 1 0 86.527488 120.697344 159.276544 180.219392 #
1269 train2018/1269.png 3 512 512 1 0 1 0 94.243328 122.351104 171.95264 184.628736 #
1270 train2018/1270.png 3 512 512 1 0 1 0 98.101248 105.817088 179.117568 180.770816 #
1271 train2018/1271.png 3 512 512 1 0 1 0 101.959168 200.060416 139.436032 238.088192 #
1272 train2018/1272.png 3 512 512 1 0 1 0 104.714752 197.304832 144.396288 233.127936 #
1273 train2018/1273.png 3 512 512 1 0 1 0 98.65216 196.753408 137.782784 234.781696 #
1274 train2018/1274.png 3 512 512 1 0 1 0 100.856832 201.162752 142.742528 243.59936 #
1275 train2018/1275.png 3 512 512 1 0 1 0 100.856832 214.940672 140.538368 248.008704 #
1276 train2018/1276.png 3 512 512 1 0 1 0 106.368 217.696256 144.396288 254.071296 #
1277 train2018/1277.png 3 512 512 1 0 1 0 107.470336 229.270016 147.151872 267.849216 #
1278 train2018/1278.png 3 512 512 1 0 1 0 191.24224 71.095808 221.003264 101.407744 #
1279 train2018/1279.png 3 512 512 1 0 1 0 198.95808 57.8688 229.82144 85.976064 #
1280 train2018/1280.png 3 512 512 1 0 1 0 196.202496 53.459456 233.127936 88.180736 #
1281 train2018/1281.png 3 512 512 1 0 1 0 196.202496 58.971136 230.923776 93.140992 #
1282 train2018/1282.png 3 512 512 1 0 1 0 192.895488 65.58464 228.719104 100.30592 #
1283 train2018/1283.png 3 512 512 1 0 1 0 191.793152 79.913984 226.514432 114.08384 #
1284 train2018/1284.png 3 512 512 1 0 1 0 189.037568 97.549824 224.861184 135.026688 #
1285 train2018/1285.png 3 512 512 1 0 1 0 278.32064 155.970048 309.735424 187.38432 #
1286 train2018/1286.png 3 512 512 1 0 1 0 254.622208 120.146432 286.03648 148.254208 #
1287 train2018/1287.png 3 512 512 1 0 1 0 245.804032 112.430592 278.32064 144.396288 #
1288 train2018/1288.png 3 512 512 1 0 1 0 243.048448 111.87968 273.911808 139.436032 #
1289 train2018/1289.png 3 512 512 1 0 1 0 246.355456 108.572672 273.911808 137.782784 #
1290 train2018/1290.png 3 512 512 1 0 1 0 239.190528 101.407744 270.053888 130.617856 #
1291 train2018/1291.png 3 512 512 1 0 1 0 233.67936 103.612416 273.360384 140.538368 #
1292 train2018/1292.png 3 512 512 1 0 1 0 242.497536 97.549824 278.32064 129.51552 #
1324 train2018/1324.png 3 512 512 1 0 2 0 50.703872 95.345664 88.73216 130.066944 0 143.293952 224.861184 182.424064 272.809472 #
1325 train2018/1325.png 3 512 512 1 0 2 0 45.192704 97.549824 84.87424 130.617856 0 144.9472 229.82144 181.873152 274.46272 #
1326 train2018/1326.png 3 512 512 1 0 2 0 39.681536 100.856832 82.669568 135.578112 0 137.782784 231.474688 181.321728 276.667392 #
1327 train2018/1327.png 3 512 512 1 0 2 0 27.00544 90.93632 71.64672 124.004352 0 140.538368 232.577024 182.975488 275.014144 #
1328 train2018/1328.png 3 512 512 1 0 2 0 16.534016 87.0784 57.317376 118.493184 0 136.680448 230.372352 176.361472 271.156224 #
1329 train2018/1329.png 3 512 512 1 0 2 0 9.369088 86.527488 53.459456 121.248768 0 135.578112 229.270016 170.850304 272.25856 #
1330 train2018/1330.png 3 512 512 1 0 2 0 13.227008 84.87424 54.561792 117.390848 0 128.413184 241.3952 165.339136 278.32064 #
1349 train2018/1349.png 3 512 512 1 0 1 0 30.86336 168.645632 103.612416 249.11104 #
1350 train2018/1350.png 3 512 512 1 0 1 0 37.476864 165.339136 100.856832 246.355456 #
1351 train2018/1351.png 3 512 512 1 0 1 0 25.352192 166.992384 93.140992 238.639616 #
1352 train2018/1352.png 3 512 512 1 0 1 0 39.130112 149.907456 109.675008 224.30976 #
1353 train2018/1353.png 3 512 512 1 0 1 0 19.2896 148.80512 98.101248 217.145344 #
1354 train2018/1354.png 3 512 512 1 0 1 0 30.86336 176.912896 87.0784 237.53728 #
1355 train2018/1355.png 3 512 512 1 0 1 0 38.5792 180.219392 99.203584 244.701696 #
1356 train2018/1356.png 3 512 512 1 0 1 0 50.703872 176.912896 104.16384 240.843776 #
1357 train2018/1357.png 3 512 512 1 0 1 0 59.522048 182.975488 117.94176 241.3952 #
1358 train2018/1358.png 3 512 512 1 0 1 0 52.908544 174.708224 109.675008 234.230272 #
1359 train2018/1359.png 3 512 512 1 0 1 0 46.29504 168.645632 104.714752 228.719104 #
1360 train2018/1360.png 3 512 512 1 0 1 0 44.641792 170.850304 107.470336 216.594432 #
1361 train2018/1361.png 3 512 512 1 0 1 0 46.29504 168.645632 105.265664 230.372352 #
1362 train2018/1362.png 3 512 512 1 0 1 0 38.027776 165.339136 101.959168 222.1056 #
1363 train2018/1363.png 3 512 512 1 0 1 0 30.86336 164.2368 103.061504 226.514432 #
1372 train2018/1372.png 3 512 512 1 0 1 0 76.056064 133.37344 117.94176 184.628736 #
1373 train2018/1373.png 3 512 512 1 0 1 0 92.59008 139.436032 135.026688 187.935232 #
1374 train2018/1374.png 3 512 512 1 0 1 0 114.08384 149.356544 155.970048 196.753408 #
1375 train2018/1375.png 3 512 512 1 0 1 0 125.6576 174.157312 162.032128 210.53184 #
1376 train2018/1376.png 3 512 512 1 0 1 0 136.680448 175.259648 180.219392 218.798592 #
1377 train2018/1377.png 3 512 512 1 0 1 0 139.986944 181.321728 182.975488 223.758848 #
1378 train2018/1378.png 3 512 512 1 0 1 0 144.396288 170.850304 183.5264 213.287424 #
1379 train2018/1379.png 3 512 512 1 0 1 0 125.106688 178.015232 166.992384 219.350016 #
1395 train2018/1395.png 3 512 512 1 0 1 0 97.549824 124.004352 141.640704 171.95264 #
1396 train2018/1396.png 3 512 512 1 0 1 0 101.407744 131.720192 144.9472 183.5264 #
1397 train2018/1397.png 3 512 512 1 0 1 0 111.328256 149.907456 147.151872 190.690816 #
1398 train2018/1398.png 3 512 512 1 0 1 0 107.470336 158.725632 148.80512 202.264576 #
1399 train2018/1399.png 3 512 512 1 0 1 0 106.368 154.316288 155.418624 205.020672 #
1400 train2018/1400.png 3 512 512 1 0 1 0 112.430592 151.560704 157.623296 204.469248 #
1401 train2018/1401.png 3 512 512 1 0 1 0 114.635264 157.623296 155.418624 201.713664 #
1402 train2018/1402.png 3 512 512 1 0 1 0 106.919424 155.418624 151.009792 198.95808 #
1403 train2018/1403.png 3 512 512 1 0 1 0 93.140992 130.617856 138.884608 178.566144 #
1404 train2018/1404.png 3 512 512 1 0 1 0 93.691904 129.51552 137.782784 173.054976 #
1405 train2018/1405.png 3 512 512 1 0 1 0 107.470336 134.475776 150.458368 180.219392 #
1406 train2018/1406.png 3 512 512 1 0 1 0 99.203584 124.004352 141.08928 164.787712 #
1407 train2018/1407.png 3 512 512 1 0 1 0 112.430592 144.396288 151.009792 180.770816 #
1415 train2018/1415.png 3 512 512 1 0 1 0 181.873152 207.224832 218.798592 248.559616 #
1416 train2018/1416.png 3 512 512 1 0 1 0 187.38432 208.878592 223.758848 245.804032 #
1417 train2018/1417.png 3 512 512 1 0 1 0 189.037568 215.492096 224.30976 260.6848 #
1418 train2018/1418.png 3 512 512 1 0 1 0 195.10016 223.758848 235.332608 267.849216 #
1419 train2018/1419.png 3 512 512 1 0 1 0 198.406656 232.0256 235.332608 272.809472 #
1479 train2018/1479.png 3 512 512 1 0 1 0 62.829056 149.356544 124.004352 195.651072 #
1480 train2018/1480.png 3 512 512 1 0 1 0 63.93088 157.071872 125.106688 199.508992 #
1481 train2018/1481.png 3 512 512 1 0 1 0 72.198144 160.37888 142.742528 206.122496 #
1482 train2018/1482.png 3 512 512 1 0 1 0 89.283072 149.907456 149.356544 196.202496 #
1483 train2018/1483.png 3 512 512 1 0 1 0 87.0784 153.765376 148.80512 197.304832 #
1484 train2018/1484.png 3 512 512 1 0 1 0 77.1584 153.214464 138.884608 196.753408 #
1485 train2018/1485.png 3 512 512 1 0 1 0 61.72672 140.538368 117.94176 184.628736 #
1486 train2018/1486.png 3 512 512 1 0 1 0 47.948288 140.538368 100.856832 182.424064 #
1487 train2018/1487.png 3 512 512 1 0 1 0 45.192704 123.452928 100.856832 168.09472 #
1511 train2018/1511.png 3 512 512 1 0 1 0 72.198144 298.161664 112.981504 332.33152 #
1512 train2018/1512.png 3 512 512 1 0 1 0 75.50464 285.485568 115.7376 319.104512 #
1513 train2018/1513.png 3 512 512 1 0 1 0 68.891136 284.383232 101.407744 315.797504 #
1514 train2018/1514.png 3 512 512 1 0 1 0 65.033216 282.729984 107.470336 315.797504 #
1515 train2018/1515.png 3 512 512 1 0 1 0 66.135552 275.014144 98.101248 308.633088 #
1516 train2018/1516.png 3 512 512 1 0 1 0 61.72672 279.422976 92.038656 305.877504 #
1517 train2018/1517.png 3 512 512 1 0 1 0 62.277632 272.809472 98.65216 304.775168 #
1518 train2018/1518.png 3 512 512 1 0 1 0 63.93088 269.502464 97.549824 302.570496 #
1519 train2018/1519.png 3 512 512 1 0 1 0 373.666304 98.101248 409.48992 135.578112 #
1520 train2018/1520.png 3 512 512 1 0 1 0 364.848128 96.448 404.529664 132.822528 #
1521 train2018/1521.png 3 512 512 1 0 1 0 374.76864 96.448 410.040832 132.271104 #
1522 train2018/1522.png 3 512 512 1 0 1 0 380.831232 110.777344 410.592256 142.742528 #
1523 train2018/1523.png 3 512 512 1 0 1 0 386.893312 111.87968 420.512256 143.293952 #
1524 train2018/1524.png 3 512 512 1 0 1 0 389.097984 108.02176 421.614592 143.844864 #
1525 train2018/1525.png 3 512 512 1 0 1 0 394.609152 112.430592 428.228096 147.702784 #
1526 train2018/1526.png 3 512 512 1 0 1 0 390.20032 104.714752 425.472512 137.23136 #
1527 train2018/1527.png 3 512 512 1 0 1 0 389.097984 98.65216 414.450176 127.310848 #
1558 train2018/1558.png 3 512 512 1 0 1 0 89.283072 104.16384 137.23136 152.112128 #
1559 train2018/1559.png 3 512 512 1 0 1 0 93.691904 99.203584 139.436032 147.702784 #
1560 train2018/1560.png 3 512 512 1 0 1 0 84.87424 89.283072 126.759936 126.759936 #
1561 train2018/1561.png 3 512 512 1 0 1 0 90.93632 90.385408 132.271104 130.066944 #
1562 train2018/1562.png 3 512 512 1 0 1 0 89.283072 84.87424 129.51552 124.004352 #
1563 train2018/1563.png 3 512 512 1 0 1 0 87.0784 108.572672 135.578112 156.52096 #
1564 train2018/1564.png 3 512 512 1 0 1 0 101.959168 109.123584 145.498624 151.009792 #
1565 train2018/1565.png 3 512 512 1 0 1 0 98.65216 107.470336 147.702784 157.071872 #
1566 train2018/1566.png 3 512 512 1 0 1 0 101.959168 108.572672 145.498624 154.316288 #
1602 train2018/1602.png 3 512 512 1 0 1 0 116.288512 282.17856 170.850304 365.950464 #
1603 train2018/1603.png 3 512 512 1 0 1 0 104.16384 278.872064 169.197056 364.848128 #
1604 train2018/1604.png 3 512 512 1 0 1 0 89.283072 279.9744 162.032128 357.132288 #
1605 train2018/1605.png 3 512 512 1 0 1 0 82.118656 265.644544 126.759936 369.808384 #
1606 train2018/1606.png 3 512 512 1 0 1 0 62.829056 250.764288 108.572672 366.501376 #
1607 train2018/1607.png 3 512 512 1 0 1 0 54.561792 235.332608 102.51008 346.660864 #
1608 train2018/1608.png 3 512 512 1 0 1 0 56.766464 235.332608 98.101248 351.070208 #
1609 train2018/1609.png 3 512 512 1 0 1 0 57.8688 233.67936 109.675008 352.723456 #
1610 train2018/1610.png 3 512 512 1 0 1 0 55.113216 229.82144 106.919424 353.274368 #
1632 train2018/1632.png 3 512 512 1 0 1 0 138.333696 96.448 177.463808 131.168768 #
1633 train2018/1633.png 3 512 512 1 0 1 0 138.333696 85.425152 178.566144 116.288512 #
1634 train2018/1634.png 3 512 512 1 0 1 0 124.555264 82.118656 162.032128 110.777344 #
1635 train2018/1635.png 3 512 512 1 0 1 0 125.106688 77.709312 162.032128 109.123584 #
1636 train2018/1636.png 3 512 512 1 0 1 0 123.452928 73.851392 163.685888 109.123584 #
1637 train2018/1637.png 3 512 512 1 0 1 0 120.146432 81.567232 165.339136 116.288512 #
1638 train2018/1638.png 3 512 512 1 0 1 0 133.37344 92.038656 179.117568 126.209024 #
1639 train2018/1639.png 3 512 512 1 0 1 0 142.191616 103.061504 185.731072 133.924864 #
1640 train2018/1640.png 3 512 512 1 0 1 0 155.970048 111.87968 193.997824 136.680448 #
1641 train2018/1641.png 3 512 512 1 0 1 0 159.276544 115.186176 191.24224 138.333696 #
1642 train2018/1642.png 3 512 512 1 0 1 0 94.79424 175.259648 135.578112 283.280896 #
1643 train2018/1643.png 3 512 512 1 0 1 0 89.833984 176.912896 143.293952 286.03648 #
1644 train2018/1644.png 3 512 512 1 0 1 0 85.425152 175.259648 146.049536 290.445824 #
1645 train2018/1645.png 3 512 512 1 0 1 0 83.22048 161.481216 144.9472 284.383232 #
1646 train2018/1646.png 3 512 512 1 0 1 0 83.771904 165.890048 139.986944 275.565056 #
1647 train2018/1647.png 3 512 512 1 0 1 0 84.87424 155.418624 139.986944 262.338048 #
1648 train2018/1648.png 3 512 512 1 0 1 0 87.0784 156.52096 139.436032 261.235712 #
1649 train2018/1649.png 3 512 512 1 0 1 0 53.459456 137.782784 111.87968 250.764288 #
1650 train2018/1650.png 3 512 512 1 0 1 0 52.908544 124.555264 116.839424 247.45728 #
1651 train2018/1651.png 3 512 512 1 0 1 0 56.766464 126.759936 118.493184 247.45728 #
1652 train2018/1652.png 3 512 512 1 0 1 0 48.499712 151.009792 115.7376 251.3152 #
1699 train2018/1699.png 3 512 512 1 0 1 0 213.287424 223.207936 254.071296 259.03104 #
1700 train2018/1700.png 3 512 512 1 0 1 0 218.798592 238.639616 263.440384 268.40064 #
1701 train2018/1701.png 3 512 512 1 0 1 0 220.452352 241.3952 262.338048 268.951552 #
1702 train2018/1702.png 3 512 512 1 0 1 0 224.30976 246.355456 265.644544 277.769728 #
1703 train2018/1703.png 3 512 512 1 0 1 0 229.82144 251.3152 270.053888 284.383232 #
1704 train2018/1704.png 3 512 512 1 0 1 0 233.127936 261.235712 273.360384 299.263488 #
1705 train2018/1705.png 3 512 512 1 0 1 0 234.781696 263.991296 277.218304 300.917248 #
1706 train2018/1706.png 3 512 512 1 0 1 0 235.88352 263.440384 282.17856 298.712576 #
1707 train2018/1707.png 3 512 512 1 0 1 0 240.292864 265.644544 279.9744 300.365824 #
1708 train2018/1708.png 3 512 512 1 0 1 0 246.906368 274.46272 283.280896 303.672832 #
1709 train2018/1709.png 3 512 512 1 0 1 0 222.656512 245.804032 266.74688 298.712576 #
1710 train2018/1710.png 3 512 512 1 0 1 0 234.230272 248.008704 266.195968 288.241152 #
1711 train2018/1711.png 3 512 512 1 0 1 0 241.3952 257.377792 282.17856 313.593344 #
1712 train2018/1712.png 3 512 512 1 0 1 0 246.906368 268.40064 280.525312 309.735424 #
1724 train2018/1724.png 3 512 512 1 0 1 0 181.873152 124.004352 216.043008 164.2368 #
1725 train2018/1725.png 3 512 512 1 0 1 0 185.179648 127.862272 217.145344 171.401728 #
1726 train2018/1726.png 3 512 512 1 0 1 0 185.179648 127.862272 222.656512 168.09472 #
1727 train2018/1727.png 3 512 512 1 0 1 0 182.424064 120.697344 223.207936 163.134464 #
1728 train2018/1728.png 3 512 512 1 0 1 0 173.054976 113.532928 210.53184 160.929792 #
1729 train2018/1729.png 3 512 512 1 0 1 0 174.157312 124.004352 215.492096 167.543808 #
1730 train2018/1730.png 3 512 512 1 0 1 0 181.321728 134.475776 220.452352 175.81056 #
1731 train2018/1731.png 3 512 512 1 0 1 0 191.793152 138.333696 230.372352 185.179648 #
1732 train2018/1732.png 3 512 512 1 0 1 0 196.753408 144.396288 239.190528 196.202496 #
1733 train2018/1733.png 3 512 512 1 0 1 0 206.67392 153.214464 246.355456 192.895488 #
1734 train2018/1734.png 3 512 512 1 0 1 0 201.713664 148.254208 248.008704 200.611328 #
1735 train2018/1735.png 3 512 512 1 0 1 0 200.060416 148.254208 240.292864 190.690816 #
1736 train2018/1736.png 3 512 512 1 0 1 0 198.406656 143.293952 241.3952 188.486656 #
1737 train2018/1737.png 3 512 512 1 0 1 0 268.979712 203.805696 312.060416 249.096192 #
1738 train2018/1738.png 3 512 512 1 0 1 0 265.665536 201.04448 305.432576 245.229568 #
1739 train2018/1739.png 3 512 512 1 0 1 0 275.055104 199.387136 310.403584 248.543744 #
1740 train2018/1740.png 3 512 512 1 0 1 0 277.264384 201.04448 318.688256 254.619136 #
1741 train2018/1741.png 3 512 512 1 0 1 0 279.473664 212.642816 323.106816 266.217984 #
1742 train2018/1742.png 3 512 512 1 0 1 0 282.787328 221.479936 319.79264 266.217984 #
1743 train2018/1743.png 3 512 512 1 0 1 0 286.101504 221.479936 321.449984 268.979712 #
1744 train2018/1744.png 3 512 512 1 0 1 0 290.520064 223.136768 322.00192 261.799424 #
1745 train2018/1745.png 3 512 512 1 0 1 0 287.758336 213.747712 319.79264 255.171584 #
1746 train2018/1746.png 3 512 512 1 0 1 0 190.550016 160.724992 225.346048 224.241664 #
1747 train2018/1747.png 3 512 512 1 0 1 0 186.683904 151.887872 225.898496 217.061376 #
1748 train2018/1748.png 3 512 512 1 0 1 0 188.340736 154.097152 229.212672 217.613824 #
1749 train2018/1749.png 3 512 512 1 0 1 0 195.521024 143.050752 241.363456 203.25376 #
1750 train2018/1750.png 3 512 512 1 0 1 0 194.41664 136.422912 244.125184 201.596416 #
1751 train2018/1751.png 3 512 512 1 0 1 0 195.521024 136.422912 239.706624 203.25376 #
1752 train2018/1752.png 3 512 512 1 0 1 0 196.073472 135.318016 244.125184 203.805696 #
1753 train2018/1753.png 3 512 512 1 0 1 0 196.62592 136.422912 246.334464 198.8352 #
1754 train2018/1754.png 3 512 512 1 0 1 0 204.358144 119.853056 246.334464 186.131456 #
1755 train2018/1755.png 3 512 512 1 0 1 0 212.090368 117.09184 265.113088 198.282752 #
1756 train2018/1756.png 3 512 512 1 0 1 0 186.131456 131.451904 236.944896 206.014976 #
1757 train2018/1757.png 3 512 512 1 0 1 0 187.236352 139.736576 235.840512 214.299648 #
1758 train2018/1758.png 3 512 512 1 0 1 0 192.759296 150.23104 235.288064 219.823104 #
1795 train2018/1795.png 3 512 512 1 0 1 0 110.14656 133.144064 176.113664 183.981056 #
1796 train2018/1796.png 3 512 512 1 0 1 0 99.85792 131.328512 156.747264 181.56032 #
1797 train2018/1797.png 3 512 512 1 0 1 0 103.489536 126.48704 167.640576 179.744768 #
1798 train2018/1798.png 3 512 512 1 0 1 0 97.437184 128.302592 151.90528 175.50848 #
1799 train2018/1799.png 3 512 512 1 0 1 0 94.411264 126.48704 155.536896 177.324032 #
1800 train2018/1800.png 3 512 512 1 0 1 0 184.58624 271.130112 394.591232 349.80608 #
1801 train2018/1801.png 3 512 512 1 0 1 0 183.375872 270.524928 391.5648 348.595712 #
1802 train2018/1802.png 3 512 512 1 0 1 0 182.770688 262.05184 377.040384 343.149056 #
1803 train2018/1803.png 3 512 512 1 0 1 0 168.24576 256.605184 382.48704 333.4656 #
1819 train2018/1819.png 3 512 512 1 0 1 0 222.713856 121.645568 271.735296 171.27168 #
1820 train2018/1820.png 3 512 512 1 0 1 0 220.29312 122.855936 272.945664 176.113664 #
1821 train2018/1821.png 3 512 512 1 0 1 0 220.29312 120.4352 273.550848 172.482048 #
1822 train2018/1822.png 3 512 512 1 0 1 0 222.713856 124.671488 268.104192 174.298112 #
1823 train2018/1823.png 3 512 512 1 0 1 0 228.766208 129.51296 273.550848 176.113664 #
1824 train2018/1824.png 3 512 512 1 0 1 0 221.503488 130.723328 268.709376 178.5344 #
2098 train2018/2098.png 3 512 512 1 0 1 0 128.907776 114.988032 181.56032 160.983552 #
2099 train2018/2099.png 3 512 512 1 0 1 0 136.775168 104.699904 178.5344 167.035392 #
2100 train2018/2100.png 3 512 512 1 0 1 0 120.4352 104.699904 175.50848 157.957632 #
2101 train2018/2101.png 3 512 512 1 0 1 0 133.144064 116.803584 173.692416 152.510464 #
2102 train2018/2102.png 3 512 512 1 0 1 0 131.933696 112.567296 173.692416 151.90528 #
2103 train2018/2103.png 3 512 512 1 0 1 0 131.933696 105.305088 177.324032 150.089728 #
2104 train2018/2104.png 3 512 512 1 0 1 0 130.118144 95.621632 171.876864 142.222336 #
2105 train2018/2105.png 3 512 512 1 0 1 0 170.061312 76.860416 226.950144 139.196416 #
2106 train2018/2106.png 3 512 512 1 0 1 0 177.324032 70.203392 224.529408 139.8016 #
2107 train2018/2107.png 3 512 512 1 0 1 0 174.903296 71.41376 229.371392 139.196416 #
2108 train2018/2108.png 3 512 512 1 0 1 0 183.375872 74.43968 226.950144 136.775168 #
2109 train2018/2109.png 3 512 512 1 0 1 0 180.349952 67.177472 234.818048 133.144064 #
2110 train2018/2110.png 3 512 512 1 0 1 0 187.006976 66.572288 237.843968 127.697408 #
2116 train2018/2116.png 3 512 512 1 0 1 0 126.48704 62.940672 197.295616 119.224832 #
2150 train2018/2150.png 3 512 512 1 0 1 0 91.990528 214.24128 151.90528 268.709376 #
2151 train2018/2151.png 3 512 512 1 0 1 0 95.621632 218.477568 158.562816 274.156032 #
2152 train2018/2152.png 3 512 512 1 0 1 0 98.042368 220.29312 162.799104 266.28864 #
2153 train2018/2153.png 3 512 512 1 0 1 0 105.910272 212.425728 159.168 271.130112 #
2154 train2018/2154.png 3 512 512 1 0 1 0 108.331008 220.898304 168.24576 278.39232 #
2155 train2018/2155.png 3 512 512 1 0 1 0 105.910272 216.056832 169.456128 275.3664 #
2156 train2018/2156.png 3 512 512 1 0 1 0 102.884352 208.188928 159.773184 263.867392 #
2202 train2018/2202.png 3 512 512 1 0 1 0 215.451648 144.643072 280.813056 188.217344 #
2203 train2018/2203.png 3 512 512 1 0 1 0 201.531904 131.328512 267.499008 175.50848 #
2204 train2018/2204.png 3 512 512 1 0 1 0 214.24128 137.986048 266.28864 170.666496 #
2205 train2018/2205.png 3 512 512 1 0 1 0 213.030912 141.617152 265.683456 182.165504 #
2206 train2018/2206.png 3 512 512 1 0 1 0 194.87488 136.169984 256.605184 181.56032 #
2254 train2018/2254.png 3 512 512 1 0 1 0 163.404288 127.092224 228.160512 178.5344 #
2255 train2018/2255.png 3 512 512 1 0 1 0 169.456128 133.749248 240.869888 187.61216 #
2256 train2018/2256.png 3 512 512 1 0 1 0 161.588736 139.196416 215.451648 191.243264 #
2257 train2018/2257.png 3 512 512 1 0 1 0 172.482048 141.617152 225.739776 198.505984 #
2258 train2018/2258.png 3 512 512 1 0 1 0 175.50848 136.775168 230.58176 185.191424 #
2259 train2018/2259.png 3 512 512 1 0 1 0 183.981056 134.959616 247.527424 187.006976 #
2281 train2018/2281.png 3 512 512 1 0 1 0 122.250752 78.675968 185.796608 119.224832 #
2282 train2018/2282.png 3 512 512 1 0 1 0 128.302592 76.860416 190.032896 118.013952 #
2283 train2018/2283.png 3 512 512 1 0 1 0 130.118144 82.307584 176.718848 116.803584 #
2284 train2018/2284.png 3 512 512 1 0 1 0 125.881856 78.070784 179.744768 117.408768 #
2285 train2018/2285.png 3 512 512 1 0 1 0 132.53888 85.938688 187.006976 121.040384 #
2286 train2018/2286.png 3 512 512 1 0 1 0 134.959616 82.307584 194.87488 120.4352 #
2310 train2018/2310.png 3 512 512 1 0 1 0 159.773184 72.018944 228.766208 128.302592 #
2311 train2018/2311.png 3 512 512 1 0 1 0 169.456128 80.49152 233.002496 136.169984 #
2312 train2018/2312.png 3 512 512 1 0 1 0 177.324032 93.80608 237.843968 145.248256 #
2313 train2018/2313.png 3 512 512 1 0 1 0 183.375872 107.725824 243.290624 159.168 #
2314 train2018/2314.png 3 512 512 1 0 1 0 181.56032 108.936192 249.94816 164.614656 #
2315 train2018/2315.png 3 512 512 1 0 1 0 172.482048 96.832 242.68544 154.9312 #
2316 train2018/2316.png 3 512 512 1 0 1 0 171.27168 85.938688 236.6336 141.011968 #
2317 train2018/2317.png 3 512 512 1 0 1 0 166.430208 73.834496 237.843968 144.037888 #
2318 train2018/2318.png 3 512 512 1 0 1 0 171.27168 78.675968 231.186944 134.354432 #
2319 train2018/2319.png 3 512 512 1 0 1 0 166.430208 78.675968 229.976576 133.144064 #
2320 train2018/2320.png 3 512 512 1 0 1 0 46.600704 151.90528 142.222336 248.132608 #
2321 train2018/2321.png 3 512 512 1 0 1 0 47.811072 165.21984 150.694912 262.657024 #
2322 train2018/2322.png 3 512 512 1 0 1 0 48.416256 159.168 152.510464 258.420736 #
2323 train2018/2323.png 3 512 512 1 0 1 0 47.811072 161.588736 156.14208 260.236288 #
2324 train2018/2324.png 3 512 512 1 0 1 0 47.811072 150.089728 150.694912 257.210368 #
2325 train2018/2325.png 3 512 512 1 0 1 0 53.257728 163.404288 153.720832 262.05184 #
2326 train2018/2326.png 3 512 512 1 0 1 0 39.943168 160.378368 141.617152 260.841472 #
2376 train2018/2376.png 3 512 512 1 0 1 0 157.352448 93.80608 202.742272 174.903296 #
2531 train2018/2531.png 3 512 512 1 0 1 0 54.468096 104.09472 156.14208 204.557824 #
2651 train2018/2651.png 3 512 512 1 0 1 0 134.354432 130.723328 215.451648 297.75872 #
2652 train2018/2652.png 3 512 512 1 0 1 0 141.011968 131.933696 182.770688 300.78464 #
2653 train2018/2653.png 3 512 512 1 0 1 0 131.328512 138.591232 200.92672 320.756736 #
2654 train2018/2654.png 3 512 512 1 0 1 0 125.276672 136.169984 203.95264 315.914752 #
2655 train2018/2655.png 3 512 512 1 0 1 0 123.46112 143.432704 199.111168 309.257728 #
2656 train2018/2656.png 3 512 512 1 0 1 0 131.328512 146.458624 223.924224 320.151552 #
2657 train2018/2657.png 3 512 512 1 0 1 0 78.675968 90.78016 206.97856 210.00448 #
2658 train2018/2658.png 3 512 512 1 0 1 0 79.281152 93.80608 203.95264 218.477568 #
2659 train2018/2659.png 3 512 512 1 0 1 0 76.255232 98.647552 200.321536 227.555328 #
2660 train2018/2660.png 3 512 512 1 0 1 0 87.149056 93.80608 199.716352 233.002496 #
2661 train2018/2661.png 3 512 512 1 0 1 0 93.80608 91.990528 199.716352 218.477568 #
2662 train2018/2662.png 3 512 512 1 0 1 0 88.359424 95.016448 197.295616 218.477568 #
2676 train2018/2676.png 3 512 512 1 0 1 0 30.865408 91.385344 89.569792 136.169984 #
2677 train2018/2677.png 3 512 512 1 0 1 0 33.891328 80.49152 91.385344 130.118144 #
2678 train2018/2678.png 3 512 512 1 0 1 0 33.891328 84.123136 90.78016 130.723328 #
2679 train2018/2679.png 3 512 512 1 0 1 0 32.075776 91.990528 88.964608 139.8016 #
2694 train2018/2694.png 3 512 512 1 0 1 0 119.224832 110.14656 193.664512 170.061312 #
2701 train2018/2701.png 3 512 512 1 0 1 0 14.524928 76.860416 129.51296 229.976576 #
2702 train2018/2702.png 3 512 512 1 0 1 0 21.181952 68.993024 124.671488 210.610176 #
2703 train2018/2703.png 3 512 512 1 0 1 0 39.337984 61.730304 122.855936 160.378368 #
2704 train2018/2704.png 3 512 512 1 0 1 0 84.72832 36.917248 144.643072 69.598208 #
2705 train2018/2705.png 3 512 512 1 0 1 0 95.016448 45.389824 144.643072 79.886336 #
2706 train2018/2706.png 3 512 512 1 0 1 0 101.0688 49.626624 157.957632 87.75424 #
2707 train2018/2707.png 3 512 512 1 0 1 0 107.725824 39.943168 158.562816 81.096704 #
2708 train2018/2708.png 3 512 512 1 0 1 0 111.962112 39.943168 159.773184 79.886336 #
2709 train2018/2709.png 3 512 512 1 0 1 0 107.725824 39.337984 152.510464 78.675968 #
2718 train2018/2718.png 3 512 512 1 0 1 0 134.354432 121.040384 187.006976 176.718848 #
2719 train2018/2719.png 3 512 512 1 0 1 0 132.53888 128.302592 194.87488 197.295616 #
2720 train2018/2720.png 3 512 512 1 0 1 0 133.144064 133.144064 197.9008 190.032896 #
2721 train2018/2721.png 3 512 512 1 0 1 0 135.5648 133.749248 202.742272 185.191424 #
2722 train2018/2722.png 3 512 512 1 0 1 0 149.484544 125.276672 198.505984 179.139584 #
2723 train2018/2723.png 3 512 512 1 0 1 0 151.90528 119.224832 201.531904 170.061312 #
2803 train2018/2803.png 3 512 512 1 0 1 0 261.430272 264.533504 404.169728 349.090816 #
2804 train2018/2804.png 3 512 512 1 0 1 0 256.0 263.757824 406.496768 349.866496 #
2805 train2018/2805.png 3 512 512 1 0 1 0 259.878912 262.981632 400.290816 349.090816 #
2806 train2018/2806.png 3 512 512 1 0 1 0 257.55136 269.963776 405.721088 343.660544 #
2807 train2018/2807.png 3 512 512 1 0 1 0 190.836224 43.442176 242.036224 67.490816 #
2808 train2018/2808.png 3 512 512 1 0 1 0 199.369728 48.096768 252.896768 76.02432 #
2809 train2018/2809.png 3 512 512 1 0 1 0 212.557824 48.096768 262.981632 77.57568 #
2810 train2018/2810.png 3 512 512 1 0 1 0 214.884864 47.321088 263.000064 78.000128 #
2815 train2018/2815.png 3 512 512 1 0 1 0 244.363776 101.62432 309.52704 142.739456 #
2816 train2018/2816.png 3 512 512 1 0 1 0 242.811904 98.521088 308.75136 138.860544 #
2834 train2018/2834.png 3 512 512 1 0 1 0 217.211904 108.605952 287.030272 139.636224 #
2836 train2018/2836.png 3 512 512 1 0 1 0 205.57568 104.72704 281.6 135.757824 #
2837 train2018/2837.png 3 512 512 1 0 1 0 207.903232 106.278912 283.15136 131.103232 #
2843 train2018/2843.png 3 512 512 1 0 2 0 283.15136 206.35136 310.303232 228.07296 0 264.533504 97.745408 283.92704 112.484864 #
2850 train2018/2850.png 3 512 512 1 0 1 0 185.405952 143.515136 250.569728 158.254592 #
2851 train2018/2851.png 3 512 512 1 0 1 0 176.096768 138.860544 243.588096 152.04864 #
2852 train2018/2852.png 3 512 512 1 0 1 0 175.321088 133.430272 250.569728 148.169728 #
2853 train2018/2853.png 3 512 512 1 0 1 0 235.830272 96.194048 261.430272 111.709184 #
2854 train2018/2854.png 3 512 512 1 0 1 0 250.569728 100.07296 274.618368 117.139456 #
2855 train2018/2855.png 3 512 512 1 0 1 0 250.507776 103.17568 281.538048 120.242176 #
2861 train2018/2861.png 3 512 512 1 0 1 0 105.503232 176.096768 152.82432 231.95136 #
2862 train2018/2862.png 3 512 512 1 0 1 0 113.260544 176.096768 156.703232 233.503232 #
2863 train2018/2863.png 3 512 512 1 0 1 0 116.363776 181.52704 155.15136 234.278912 #
2864 train2018/2864.png 3 512 512 1 0 1 0 118.690816 193.163776 163.684864 238.933504 #
2916 train2018/2916.png 3 512 512 1 0 1 0 186.957824 166.788096 214.884864 197.818368 #
2917 train2018/2917.png 3 512 512 1 0 1 0 203.24864 181.52704 231.95136 215.660544 #
2918 train2018/2918.png 3 512 512 1 0 1 0 211.781632 184.630272 238.933504 217.211904 #
2930 train2020/2930.png 3 512 512 1 0 1 0 161.588736 84.72832 196.085248 122.250752 #
2931 train2018/2931.png 3 512 512 1 0 1 0 170.061312 90.174976 206.373376 130.723328 #
2932 train2018/2932.png 3 512 512 1 0 1 0 165.21984 92.595712 205.768192 130.118144 #
2933 train2018/2933.png 3 512 512 1 0 1 0 160.983552 90.174976 201.531904 124.671488 #
2934 train2018/2934.png 3 512 512 1 0 1 0 157.957632 85.938688 201.531904 123.46112 #
2935 train2018/2935.png 3 512 512 1 0 1 0 165.21984 96.226816 200.92672 125.276672 #
2936 train2018/2936.png 3 512 512 1 0 1 0 165.825024 98.042368 202.137088 128.907776 #
2937 train2018/2937.png 3 512 512 1 0 1 0 171.876864 95.016448 199.716352 117.408768 #
2938 train2018/2938.png 3 512 512 1 0 1 0 175.50848 92.595712 210.00448 121.645568 #
2939 train2018/2939.png 3 512 512 1 0 1 0 176.113664 88.964608 211.820544 118.619136 #
2940 train2018/2940.png 3 512 512 1 0 1 0 172.482048 75.650048 214.846464 114.988032 #
2943 train2018/2943.png 3 512 512 1 0 1 0 156.14208 154.326016 188.217344 219.082752 #
2985 train2018/2985.png 3 512 512 1 0 1 0 81.895936 252.360192 165.0048 288.758272 #
2988 train2018/2988.png 3 512 512 1 0 1 0 90.9952 209.289216 107.9808 231.734784 #
2989 train2018/2989.png 3 512 512 1 0 1 0 90.9952 221.421568 107.9808 245.687296 #
2990 train2018/2990.png 3 512 512 1 0 1 0 87.355392 225.061376 106.161152 253.573632 #
2991 train2018/2991.png 3 512 512 1 0 1 0 87.355392 232.340992 107.9808 256.60672 #
2992 train2018/2992.png 3 512 512 1 0 1 0 94.028288 241.440768 110.40768 268.132864 #
2993 train2018/2993.png 3 512 512 1 0 1 0 92.20864 241.440768 115.260416 265.099776 #
2994 train2018/2994.png 3 512 512 1 0 1 0 99.488256 239.620608 119.506944 268.132864 #
2995 train2018/2995.png 3 512 512 1 0 1 0 95.241728 241.440768 117.080576 265.705984 #
2996 train2018/2996.png 3 512 512 1 0 2 0 72.18944 233.554432 223.848448 311.20384 0 92.20864 149.838848 141.345792 202.61632 #
2997 train2018/2997.png 3 512 512 1 0 2 0 65.516544 237.19424 233.554432 311.81056 0 84.929024 138.312704 143.165952 207.469056 #
2998 train2018/2998.png 3 512 512 1 0 2 0 87.355392 133.459968 120.720384 201.40288 0 68.549632 212.322304 234.767872 304.530944 #
2999 train2018/2999.png 3 512 512 1 0 2 0 84.322304 131.639808 123.146752 203.222528 0 65.516544 213.535744 231.734784 297.251328 #
3001 train2018/3001.png 3 512 512 1 0 2 0 58.236928 122.540032 121.327104 211.108864 0 52.777472 218.38848 256.0 301.497856 #
3002 train2018/3002.png 3 512 512 1 0 2 0 39.431168 96.455168 117.687296 185.630208 0 29.725184 186.843648 220.20864 291.18464 #
3003 train2018/3003.png 3 512 512 1 0 2 0 32.151552 80.682496 104.340992 164.39808 0 41.251328 169.251328 229.307904 276.625408 #
3008 train2018/3008.png 3 512 512 1 0 1 0 74.61632 203.829248 107.9808 274.80576 #
3025 train2018/3025.png 3 512 512 1 0 1 0 183.20384 186.843648 203.222528 215.355392 #
3032 train2018/3032.png 3 512 512 1 0 1 0 163.79136 246.900224 189.270016 266.312704 #
3033 train2018/3033.png 3 512 512 1 0 2 0 53.38368 160.151552 68.549632 179.564032 0 167.431168 242.654208 184.41728 263.279616 #
3034 train2018/3034.png 3 512 512 1 0 2 0 46.104064 152.265216 63.696896 174.104064 0 154.692096 240.227328 172.284416 254.78656 #
3035 train2018/3035.png 3 512 512 1 0 2 0 33.971712 144.379392 53.38368 168.037888 0 143.165952 238.40768 165.0048 251.753472 #
3036 train2018/3036.png 3 512 512 1 0 2 0 29.725184 143.772672 53.9904 169.858048 0 146.80576 235.9808 160.151552 251.146752 #
3037 train2018/3037.png 3 512 512 1 0 2 0 27.298816 141.952512 45.497856 165.61152 0 136.493056 229.914624 150.445568 248.720384 #
3038 train2018/3038.png 3 512 512 1 0 2 0 29.725184 140.132864 44.891136 162.578432 0 126.17984 225.061376 140.739584 241.440768 #
3039 train2018/3039.png 3 512 512 1 0 2 0 15.772672 132.853248 35.79136 158.938624 0 124.966912 235.9808 142.559232 252.360192 #
3040 train2018/3040.png 3 512 512 1 0 2 0 5.459968 118.900224 20.625408 145.59232 0 124.966912 241.440768 146.19904 258.426368 #
3041 train2018/3041.png 3 512 512 1 0 2 0 9.099776 124.966912 24.265216 145.59232 0 143.772672 246.900224 159.544832 263.886336 #
3042 train2018/3042.png 3 512 512 1 0 2 0 30.938624 160.758272 45.497856 181.38368 0 146.80576 252.966912 161.971712 266.312704 #
3043 train2018/3043.png 3 512 512 1 0 2 0 51.564032 164.39808 66.729984 183.20384 0 148.0192 257.21344 166.824448 274.19904 #
3044 train2018/3044.png 3 512 512 1 0 1 0 151.659008 263.279616 167.431168 276.625408 #
3045 train2018/3045.png 3 512 512 1 0 1 0 154.085376 260.853248 171.070976 276.625408 #
3046 train2018/3046.png 3 512 512 1 0 1 0 155.298816 258.426368 177.137664 272.9856 #
3047 train2018/3047.png 3 512 512 1 0 1 0 152.265216 248.113664 172.891136 262.672896 #
3070 train2018/3070.png 3 512 512 1 0 1 0 198.976512 129.82016 285.725184 180.170752 #
3071 train2018/3071.png 3 512 512 1 0 1 0 194.729984 118.900224 282.692096 166.21824 #
3072 train2018/3072.png 3 512 512 1 0 1 0 184.41728 118.294016 288.151552 171.070976 #
3073 train2018/3073.png 3 512 512 1 0 1 0 200.18944 119.506944 291.18464 169.251328 #
3074 train2018/3074.png 3 512 512 1 0 1 0 208.075776 121.327104 284.511744 167.431168 #
3075 train2018/3075.png 3 512 512 1 0 1 0 203.222528 126.78656 276.625408 167.431168 #
3076 train2018/3076.png 3 512 512 1 0 1 0 197.763072 123.146752 271.772672 158.331904 #
3077 train2018/3077.png 3 512 512 1 0 1 0 193.516544 121.327104 274.19904 157.118464 #
3078 train2018/3078.png 3 512 512 1 0 1 0 186.843648 112.227328 258.426368 149.232128 #
3079 train2018/3079.png 3 512 512 1 0 1 0 172.891136 111.0144 245.080576 148.625408 #
3080 train2018/3080.png 3 512 512 1 0 1 0 146.80576 80.075776 195.336704 120.720384 #
3097 train2018/3097.png 3 512 512 1 0 1 0 193.516544 328.79616 234.161152 356.701184 #
3107 train2018/3107.png 3 512 512 1 0 1 0 215.962112 326.976512 252.966912 354.274816 #
3108 train2018/3108.png 3 512 512 1 0 2 0 209.289216 320.303104 260.246528 345.175552 0 50.350592 278.445568 115.867136 330.0096 #
3114 train2018/3114.png 3 512 512 1 0 1 0 228.701184 83.715584 303.924224 117.080576 #
3121 train2018/3121.png 3 512 512 1 0 1 0 160.758272 198.976512 215.962112 297.251328 #
3122 train2018/3122.png 3 512 512 1 0 1 0 158.938624 208.682496 206.862336 299.677696 #
3123 train2018/3123.png 3 512 512 1 0 1 0 157.725184 200.79616 210.502144 300.891136 #
3124 train2018/3124.png 3 512 512 1 0 1 0 159.544832 218.38848 213.535744 304.530944 #
3125 train2018/3125.png 3 512 512 1 0 1 0 160.151552 209.895936 211.715584 304.530944 #
3126 train2018/3126.png 3 512 512 1 0 1 0 168.037888 234.161152 213.535744 311.20384 #
3127 train2018/3127.png 3 512 512 1 0 1 0 162.578432 223.241728 214.141952 310.59712 #
3128 train2018/3128.png 3 512 512 1 0 1 0 160.151552 232.947712 212.929024 305.743872 #
3129 train2018/3129.png 3 512 512 1 0 1 0 151.659008 228.701184 212.929024 306.957312 #
3130 train2018/3130.png 3 512 512 1 0 1 0 154.085376 220.20864 212.929024 306.350592 #
3131 train2018/3131.png 3 512 512 1 0 1 0 155.298816 222.635008 211.715584 291.79136 #
3132 train2018/3132.png 3 512 512 1 0 1 0 151.052288 211.715584 211.715584 281.478656 #
3133 train2018/3133.png 3 512 512 1 0 1 0 156.511744 215.962112 211.715584 283.905024 #
3134 train2018/3134.png 3 512 512 1 0 1 0 189.270016 27.298816 335.469056 90.9952 #
3135 train2018/3135.png 3 512 512 1 0 1 0 192.303104 31.544832 341.535744 86.141952 #
3136 train2018/3136.png 3 512 512 1 0 1 0 203.222528 29.725184 326.976512 80.075776 #
3137 train2018/3137.png 3 512 512 1 0 1 0 198.976512 32.758272 334.862336 80.075776 #
3138 train2018/3138.png 3 512 512 1 0 1 0 198.369792 32.758272 328.79616 76.435968 #
3139 train2018/3139.png 3 512 512 1 0 1 0 192.303104 27.298816 321.516544 75.829248 #
3140 train2018/3140.png 3 512 512 1 0 1 0 195.942912 22.445568 332.435968 78.256128 #
3141 train2018/3141.png 3 512 512 1 0 1 0 89.78176 205.649408 114.047488 243.867136 #
3142 train2018/3142.png 3 512 512 1 0 1 0 90.38848 197.763072 111.620608 235.374592 #
3143 train2018/3143.png 3 512 512 1 0 1 0 103.734784 168.037888 123.753472 202.61632 #
3144 train2018/3144.png 3 512 512 1 0 1 0 126.17984 163.18464 141.345792 199.58272 #
3145 train2018/3145.png 3 512 512 1 0 1 0 111.0144 149.838848 124.360192 188.057088 #
3146 train2018/3146.png 3 512 512 1 0 1 0 101.307904 199.58272 120.720384 235.9808 #
3147 train2018/3147.png 3 512 512 1 0 1 0 100.701184 225.061376 118.294016 257.21344 #
3172 train2018/3172.png 3 512 512 1 0 1 0 133.459968 188.057088 154.085376 243.260416 #
3173 train2018/3173.png 3 512 512 1 0 1 0 130.426368 192.303104 151.659008 239.0144 #
3174 train2018/3174.png 3 512 512 1 0 1 0 134.672896 200.18944 151.052288 244.473856 #
3175 train2018/3175.png 3 512 512 1 0 1 0 129.21344 208.075776 152.871936 251.146752 #
3176 train2018/3176.png 3 512 512 1 0 1 0 132.853248 216.568832 152.871936 264.493056 #
3177 train2018/3177.png 3 512 512 1 0 1 0 146.80576 229.914624 169.251328 274.80576 #
3178 train2018/3178.png 3 512 512 1 0 1 0 145.59232 226.274816 170.464256 270.559232 #
3179 train2018/3179.png 3 512 512 1 0 1 0 149.232128 225.061376 170.464256 268.132864 #
3180 train2018/3180.png 3 512 512 1 0 1 0 132.246528 230.521344 159.544832 282.692096 #
3181 train2018/3181.png 3 512 512 1 0 1 0 107.374592 210.502144 128.0 260.853248 #
3291 train2018/3291.png 3 512 512 1 0 1 0 181.9904 175.317504 251.146752 342.748672 #
3312 train2018/3312.png 3 512 512 1 0 1 0 137.705984 104.947712 186.236928 173.497856 #
3316 train2018/3316.png 3 512 512 1 0 1 0 131.033088 111.620608 155.905024 134.066176 #
3317 train2018/3317.png 3 512 512 1 0 1 0 144.379392 112.834048 172.891136 134.672896 #
3318 train2018/3318.png 3 512 512 1 0 1 0 151.052288 114.047488 175.924224 134.672896 #
3319 train2018/3319.png 3 512 512 1 0 1 0 151.052288 109.19424 175.317504 138.312704 #
3320 train2018/3320.png 3 512 512 1 0 1 0 140.739584 106.767872 168.037888 127.39328 #
3321 train2018/3321.png 3 512 512 1 0 1 0 141.952512 103.128064 163.79136 130.426368 #
3322 train2018/3322.png 3 512 512 1 0 1 0 133.459968 104.340992 157.725184 125.573632 #
3323 train2018/3323.png 3 512 512 1 0 1 0 89.78176 211.715584 143.772672 293.61152 #
3324 train2018/3324.png 3 512 512 1 0 1 0 89.78176 202.0096 135.279616 289.971712 #
3325 train2018/3325.png 3 512 512 1 0 1 0 92.81536 201.40288 131.639808 300.284416 #
3326 train2018/3326.png 3 512 512 1 0 1 0 94.635008 193.516544 132.246528 292.39808 #
3327 train2018/3327.png 3 512 512 1 0 1 0 161.364992 128.60672 183.20384 171.070976 #
3328 train2018/3328.png 3 512 512 1 0 1 0 161.971712 134.672896 188.057088 176.530944 #
3329 train2018/3329.png 3 512 512 1 0 1 0 161.971712 139.526144 188.663296 180.777472 #
3330 train2018/3330.png 3 512 512 1 0 1 0 161.971712 141.952512 183.20384 181.9904 #
3331 train2018/3331.png 3 512 512 1 0 1 0 163.79136 144.9856 185.023488 186.236928 #
3332 train2018/3332.png 3 512 512 1 0 1 0 168.037888 149.838848 188.057088 184.41728 #
3333 train2018/3333.png 3 512 512 1 0 1 0 171.070976 150.445568 182.59712 181.9904 #
3334 train2018/3334.png 3 512 512 1 0 1 0 168.644608 155.298816 186.843648 185.630208 #
3358 train2018/3358.png 3 512 512 1 0 1 0 101.914624 273.59232 191.090176 346.38848 #
3359 train2018/3359.png 3 512 512 1 0 1 0 100.094976 274.19904 175.317504 341.535744 #
3360 train2018/3360.png 3 512 512 1 0 1 0 88.568832 271.165952 168.037888 347.60192 #
3361 train2018/3361.png 3 512 512 1 0 1 0 88.568832 276.625408 157.725184 350.028288 #
3362 train2018/3362.png 3 512 512 1 0 1 0 83.715584 282.692096 160.151552 363.9808 #
3363 train2018/3363.png 3 512 512 1 0 1 0 77.042688 289.971712 146.80576 368.834048 #
3364 train2018/3364.png 3 512 512 1 0 1 0 84.322304 294.824448 154.692096 366.40768 #
3365 train2018/3365.png 3 512 512 1 0 1 0 82.502144 305.743872 152.265216 374.900224 #
3366 train2018/3366.png 3 512 512 1 0 1 0 87.355392 315.450368 149.838848 379.753472 #
3367 train2018/3367.png 3 512 512 1 0 1 0 97.668096 323.336704 163.18464 384.0 #
3368 train2018/3368.png 3 512 512 1 0 1 0 106.161152 321.516544 177.743872 383.39328 #
3369 train2018/3369.png 3 512 512 1 0 1 0 115.260416 320.909824 190.483456 389.459968 #
3386 train2018/3386.png 3 512 512 1 0 1 0 254.78656 200.79616 291.18464 280.265216 #
3387 train2018/3387.png 3 512 512 1 0 1 0 112.227328 245.080576 185.023488 320.303104 #
3388 train2018/3388.png 3 512 512 1 0 1 0 111.0144 264.493056 191.090176 336.075776 #
3389 train2018/3389.png 3 512 512 1 0 1 0 104.947712 266.919424 187.450368 326.369792 #
3390 train2018/3390.png 3 512 512 1 0 1 0 109.19424 272.379392 186.843648 338.502144 #
3391 train2018/3391.png 3 512 512 1 0 1 0 107.9808 268.132864 186.236928 340.929024 #
3392 train2018/3392.png 3 512 512 1 0 1 0 109.19424 267.526144 194.729984 341.535744 #
3393 train2018/3393.png 3 512 512 1 0 1 0 112.834048 271.772672 186.236928 336.075776 #
3394 train2018/3394.png 3 512 512 1 0 1 0 104.340992 272.379392 195.942912 338.502144 #
3395 train2018/3395.png 3 512 512 1 0 1 0 103.128064 269.952512 192.303104 338.502144 #
3396 train2018/3396.png 3 512 512 1 0 1 0 100.094976 269.345792 189.270016 331.829248 #
3397 train2018/3397.png 3 512 512 1 0 1 0 97.668096 261.459968 187.450368 333.042688 #
3398 train2018/3398.png 3 512 512 1 0 1 0 91.60192 268.132864 177.743872 334.862336 #
3399 train2018/3399.png 3 512 512 1 0 1 0 89.78176 254.78656 175.924224 333.042688 #
3400 train2018/3400.png 3 512 512 1 0 1 0 85.535744 237.19424 161.364992 331.222528 #
3401 train2018/3401.png 3 512 512 1 0 1 0 86.748672 245.080576 173.497856 324.549632 #
3402 train2018/3402.png 3 512 512 1 0 1 0 87.962112 243.867136 155.298816 329.40288 #
3403 train2018/3403.png 3 512 512 1 0 1 0 92.81536 257.21344 177.137664 319.696896 #
3404 train2018/3404.png 3 512 512 1 0 1 0 97.668096 271.772672 178.350592 333.649408 #
3405 train2018/3405.png 3 512 512 1 0 1 0 158.938624 121.933824 192.909824 166.21824 #
3406 train2018/3406.png 3 512 512 1 0 1 0 157.725184 121.933824 190.483456 168.644608 #
3407 train2018/3407.png 3 512 512 1 0 1 0 168.644608 126.17984 204.435968 178.350592 #
3408 train2018/3408.png 3 512 512 1 0 1 0 169.858048 128.60672 207.469056 181.38368 #
3409 train2018/3409.png 3 512 512 1 0 1 0 179.564032 139.526144 214.141952 183.81056 #
3410 train2018/3410.png 3 512 512 1 0 1 0 177.137664 138.919424 209.289216 181.38368 #
3411 train2018/3411.png 3 512 512 1 0 1 0 185.023488 147.41248 214.748672 190.483456 #
3412 train2018/3412.png 3 512 512 1 0 1 0 170.464256 137.099776 205.649408 190.483456 #
3413 train2018/3413.png 3 512 512 1 0 1 0 157.118464 130.426368 191.696896 180.170752 #
3414 train2018/3414.png 3 512 512 1 0 1 0 149.232128 128.0 188.057088 175.924224 #
3415 train2018/3415.png 3 512 512 1 0 1 0 139.526144 128.0 183.81056 172.284416 #
3416 train2018/3416.png 3 512 512 1 0 1 0 145.59232 131.639808 181.9904 176.530944 #
3417 train2018/3417.png 3 512 512 1 0 1 0 154.085376 132.246528 192.303104 177.743872 #
3418 train2018/3418.png 3 512 512 1 0 1 0 161.971712 134.066176 200.79616 182.59712 #
3419 train2018/3419.png 3 512 512 1 0 1 0 165.0048 138.919424 201.40288 184.41728 #
3420 train2018/3420.png 3 512 512 1 0 1 0 175.924224 147.41248 212.322304 189.876736 #
3421 train2018/3421.png 3 512 512 1 0 1 0 170.464256 135.279616 203.222528 185.023488 #
3422 train2018/3422.png 3 512 512 1 0 1 0 177.743872 141.345792 212.322304 192.303104 #
3423 train2018/3423.png 3 512 512 1 0 1 0 166.824448 137.705984 196.549632 188.663296 #
3424 train2018/3424.png 3 512 512 1 0 1 0 157.118464 137.099776 186.236928 174.710784 #
3425 train2018/3425.png 3 512 512 1 0 1 0 149.838848 129.21344 181.38368 176.530944 #
3426 train2018/3426.png 3 512 512 1 0 1 0 194.123264 143.165952 224.455168 169.858048 #
3427 train2018/3427.png 3 512 512 1 0 1 0 192.909824 138.919424 220.81536 168.644608 #
3428 train2018/3428.png 3 512 512 1 0 1 0 192.909824 134.672896 218.9952 165.0048 #
3429 train2018/3429.png 3 512 512 1 0 1 0 191.090176 132.246528 226.274816 168.644608 #
3430 train2018/3430.png 3 512 512 1 0 1 0 195.336704 129.21344 225.061376 163.79136 #
3431 train2018/3431.png 3 512 512 1 0 1 0 194.729984 126.17984 223.848448 161.364992 #
3432 train2018/3432.png 3 512 512 1 0 1 0 191.696896 126.78656 229.914624 165.61152 #
3433 train2018/3433.png 3 512 512 1 0 1 0 232.947712 79.469056 311.81056 153.478656 #
3434 train2018/3434.png 3 512 512 1 0 1 0 231.128064 81.895936 313.023488 150.445568 #
3435 train2018/3435.png 3 512 512 1 0 1 0 229.307904 80.075776 313.630208 152.871936 #
3436 train2018/3436.png 3 512 512 1 0 1 0 224.455168 87.962112 309.38368 152.871936 #
3437 train2018/3437.png 3 512 512 1 0 1 0 232.947712 95.848448 312.41728 163.18464 #
3438 train2018/3438.png 3 512 512 1 0 1 0 231.128064 97.061376 314.843648 161.971712 #
3439 train2018/3439.png 3 512 512 1 0 1 0 226.881536 98.881536 315.450368 165.0048 #
3440 train2018/3440.png 3 512 512 1 0 1 0 225.668096 95.241728 316.663296 165.0048 #
3441 train2018/3441.png 3 512 512 1 0 1 0 228.701184 91.60192 311.20384 154.085376 #
3442 train2018/3442.png 3 512 512 1 0 1 0 231.734784 83.715584 311.20384 151.052288 #
3443 train2018/3443.png 3 512 512 1 0 1 0 226.274816 80.075776 315.450368 151.052288 #
3458 train2018/3458.png 3 512 512 1 0 1 0 166.21824 98.881536 228.094976 123.753472 #
3460 train2018/3460.png 3 512 512 1 0 1 0 31.544832 116.473856 62.483456 169.251328 #
3461 train2018/3461.png 3 512 512 1 0 1 0 38.21824 131.033088 68.549632 188.057088 #
3462 train2018/3462.png 3 512 512 1 0 1 0 59.450368 131.033088 83.108864 189.876736 #
3463 train2018/3463.png 3 512 512 1 0 1 0 71.58272 137.705984 90.9952 199.58272 #
3464 train2018/3464.png 3 512 512 1 0 1 0 80.075776 148.625408 103.128064 208.075776 #
3465 train2018/3465.png 3 512 512 1 0 1 0 92.81536 154.692096 119.506944 206.256128 #
3466 train2018/3466.png 3 512 512 1 0 1 0 84.929024 149.232128 112.834048 215.355392 #
3467 train2018/3467.png 3 512 512 1 0 1 0 72.18944 144.9856 102.521344 194.123264 #
3468 train2018/3468.png 3 512 512 1 0 1 0 53.9904 141.952512 83.108864 197.156352 #
3478 train2018/3478.png 3 512 512 1 0 1 0 274.80576 126.17984 302.104064 155.905024 #
3500 train2020/3500.png 3 512 512 1 0 1 0 146.049536 121.79968 209.429504 158.174208 #
3501 train2018/3501.png 3 512 512 1 0 1 0 148.254208 128.413184 203.366912 163.134464 #
3502 train2018/3502.png 3 512 512 1 0 1 0 152.66304 125.6576 205.571584 161.481216 #
3503 train2018/3503.png 3 512 512 1 0 1 0 155.970048 128.964608 209.429504 168.09472 #
3504 train2018/3504.png 3 512 512 1 0 1 0 148.254208 122.902016 205.020672 159.276544 #
3505 train2018/3505.png 3 512 512 1 0 1 0 150.458368 127.862272 205.020672 161.481216 #
3506 train2018/3506.png 3 512 512 1 0 1 0 134.475776 85.425152 174.157312 120.146432 #
3507 train2018/3507.png 3 512 512 1 0 1 0 143.844864 95.345664 186.281984 130.617856 #
3508 train2018/3508.png 3 512 512 1 0 1 0 151.009792 107.470336 188.486656 136.680448 #
3509 train2018/3509.png 3 512 512 1 0 1 0 154.867712 110.22592 200.611328 146.049536 #
3510 train2018/3510.png 3 512 512 1 0 1 0 161.481216 113.532928 206.67392 149.907456 #
3511 train2018/3511.png 3 512 512 1 0 1 0 163.685888 105.817088 200.060416 140.538368 #
3512 train2018/3512.png 3 512 512 1 0 1 0 162.032128 111.87968 203.918336 149.907456 #
3513 train2018/3513.png 3 512 512 1 0 1 0 162.032128 119.595008 206.122496 155.418624 #
3554 train2018/3554.png 3 512 512 1 0 1 0 242.468352 128.690176 280.578048 178.399232 #
3562 train2018/3562.png 3 512 512 1 0 1 0 77.877248 162.934272 173.428224 220.375552 #
3563 train2018/3563.png 3 512 512 1 0 1 0 54.679552 151.887872 169.562112 213.747712 #
3564 train2018/3564.png 3 512 512 1 0 1 0 49.156608 152.44032 140.289024 201.596416 #
3565 train2018/3565.png 3 512 512 1 0 1 0 37.005312 131.451904 134.76608 191.654912 #
3566 train2018/3566.png 3 512 512 1 0 1 0 59.098112 139.18464 161.829376 203.25376 #
3567 train2018/3567.png 3 512 512 1 0 1 0 50.81344 131.451904 143.050752 199.387136 #
3586 train2018/3586.png 3 512 512 1 0 1 0 159.06816 61.85984 249.096192 119.30112 #
3587 train2018/3587.png 3 512 512 1 0 1 0 165.143552 70.69696 250.200576 122.614784 #
3588 train2018/3588.png 3 512 512 1 0 1 0 151.887872 55.784448 244.677632 108.806656 #
3589 train2018/3589.png 3 512 512 1 0 1 0 150.23104 57.993728 248.543744 118.748672 #
3590 train2018/3590.png 3 512 512 1 0 1 0 161.829376 75.667968 242.468352 128.13824 #
3591 train2018/3591.png 3 512 512 1 0 1 0 175.637504 77.877248 252.409856 129.242624 #
3592 train2018/3592.png 3 512 512 1 0 1 0 177.846784 83.400192 248.543744 125.92896 #
3642 train2018/3642.png 3 512 512 1 0 2 0 179.503616 215.404544 213.747712 255.724032 0 166.800384 139.736576 198.8352 169.562112 #
3643 train2018/3643.png 3 512 512 1 0 2 0 180.056064 215.956992 218.718208 258.485248 0 166.800384 138.079744 202.148864 172.32384 #
3644 train2018/3644.png 3 512 512 1 0 2 0 188.340736 220.375552 223.136768 257.380864 0 167.352832 134.76608 202.701312 170.11456 #
3645 train2018/3645.png 3 512 512 1 0 2 0 188.893184 219.823104 225.898496 260.142592 0 169.562112 145.81248 207.119872 177.294336 #
3646 train2018/3646.png 3 512 512 1 0 2 0 195.521024 217.061376 229.212672 257.380864 0 167.90528 137.527296 206.014976 174.53312 #
3647 train2018/3647.png 3 512 512 1 0 2 0 197.730304 219.823104 227.555328 256.828416 0 170.666496 143.050752 205.462528 175.637504 #
3648 train2018/3648.png 3 512 512 1 0 2 0 201.04448 220.927488 230.869504 261.799424 0 171.218944 139.736576 209.881088 178.95168 #
3649 train2018/3649.png 3 512 512 1 0 2 0 192.759296 217.061376 224.241664 255.724032 0 172.32384 145.260032 209.881088 180.056064 #
3650 train2018/3650.png 3 512 512 1 0 2 0 198.282752 219.270656 230.317056 256.275968 0 171.771392 143.050752 207.671808 177.294336 #
3651 train2018/3651.png 3 512 512 1 0 2 0 196.62592 214.852096 224.794112 251.857408 0 162.381824 145.260032 202.701312 179.503616 #
3652 train2018/3652.png 3 512 512 1 0 2 0 192.759296 218.166272 220.927488 250.753024 0 177.294336 148.573696 206.567424 176.7424 #
3686 train2018/3686.png 3 512 512 1 0 2 0 87.266304 138.079744 109.911552 161.27744 0 44.1856 199.387136 75.11552 231.421952 #
3687 train2018/3687.png 3 512 512 1 0 2 0 46.947328 195.521024 78.429184 231.421952 0 87.266304 143.050752 113.225216 169.562112 #
3688 train2018/3688.png 3 512 512 1 0 2 0 86.16192 135.870464 118.196224 166.247936 0 48.051712 201.04448 81.190912 231.973888 #
3689 train2018/3689.png 3 512 512 1 0 2 0 93.342208 139.18464 120.405504 171.218944 0 56.888832 198.8352 94.99904 241.363456 #
3690 train2018/3690.png 3 512 512 1 0 2 0 90.028032 131.451904 122.614784 165.696 0 51.365888 186.683904 85.057024 230.317056 #
3691 train2018/3691.png 3 512 512 1 0 2 0 85.057024 120.405504 111.568384 154.6496 0 48.051712 178.399232 83.95264 218.166272 #
3692 train2018/3692.png 3 512 512 1 0 2 0 86.714368 103.83616 119.30112 142.498304 0 41.97632 166.247936 72.90624 201.04448 #
3693 train2018/3693.png 3 512 512 1 0 1 0 34.796032 158.515712 72.90624 199.387136 #
3702 train2018/3702.png 3 512 512 1 0 1 0 177.294336 223.136768 228.107776 281.130496 #
3703 train2018/3703.png 3 512 512 1 0 1 0 169.009664 219.270656 224.241664 277.264384 #
3704 train2018/3704.png 3 512 512 1 0 1 0 178.399232 223.136768 223.689216 272.845824 #
3705 train2018/3705.png 3 512 512 1 0 1 0 183.922176 223.136768 230.869504 279.473664 #
3706 train2018/3706.png 3 512 512 1 0 1 0 181.16096 228.107776 224.794112 275.607552 #
3707 train2018/3707.png 3 512 512 1 0 1 0 187.7888 219.823104 225.346048 268.427264 #
3708 train2018/3708.png 3 512 512 1 0 1 0 178.399232 219.270656 221.479936 265.113088 #
3709 train2018/3709.png 3 512 512 1 0 1 0 167.352832 216.508928 209.881088 271.188992 #
3710 train2018/3710.png 3 512 512 1 0 1 0 304.880128 152.992256 339.124224 191.102464 #
3711 train2018/3711.png 3 512 512 1 0 1 0 298.252288 146.916864 328.077824 177.294336 #
3712 train2018/3712.png 3 512 512 1 0 1 0 305.432576 151.887872 337.46688 188.893184 #
3713 train2018/3713.png 3 512 512 1 0 1 0 299.909632 146.364416 336.914944 191.102464 #
3714 train2018/3714.png 3 512 512 1 0 1 0 302.118912 144.155136 335.2576 185.57952 #
3715 train2018/3715.png 3 512 512 1 0 1 0 298.252288 137.527296 336.362496 178.399232 #
3716 train2018/3716.png 3 512 512 1 0 1 0 295.491072 144.155136 327.525376 181.712896 #
3717 train2018/3717.png 3 512 512 1 0 1 0 305.985024 161.27744 341.88544 199.939584 #
3718 train2018/3718.png 3 512 512 1 0 1 0 318.688256 165.696 349.065728 201.04448 #
3719 train2018/3719.png 3 512 512 1 0 1 0 324.2112 172.32384 356.246016 209.881088 #
3736 train2018/3736.png 3 512 512 1 0 1 0 260.142592 174.53312 286.653952 207.119872 #
3737 train2018/3737.png 3 512 512 1 0 1 0 252.962304 173.980672 286.101504 210.433536 #
3738 train2018/3738.png 3 512 512 1 0 1 0 241.915904 170.666496 273.398272 208.776704 #
3739 train2018/3739.png 3 512 512 1 0 1 0 256.275968 187.236352 285.549056 223.136768 #
3740 train2018/3740.png 3 512 512 1 0 1 0 261.799424 197.730304 293.281792 234.735616 #
3741 train2018/3741.png 3 512 512 1 0 1 0 276.711936 207.671808 307.641856 243.020288 #
3742 train2018/3742.png 3 512 512 1 0 1 0 283.892224 212.090368 315.37408 252.962304 #
3743 train2018/3743.png 3 512 512 1 0 1 0 283.892224 207.671808 320.897536 251.305472 #
3744 train2018/3744.png 3 512 512 1 0 1 0 277.264384 202.148864 309.851136 238.049792 #
3745 train2018/3745.png 3 512 512 1 0 1 0 263.456256 190.550016 301.014016 232.526336 #
3746 train2018/3746.png 3 512 512 1 0 1 0 262.903808 186.683904 293.281792 222.032384 #
3747 train2018/3747.png 3 512 512 1 0 1 0 253.514752 178.95168 289.415168 224.241664 #
3748 train2018/3748.png 3 512 512 1 0 1 0 247.991296 177.294336 283.339776 215.956992 #
3749 train2018/3749.png 3 512 512 1 0 1 0 254.619136 194.968576 283.892224 232.526336 #
3750 train2018/3750.png 3 512 512 1 0 1 0 124.004352 148.80512 160.37888 187.935232 #
3751 train2018/3751.png 3 512 512 1 0 1 0 126.759936 148.254208 164.787712 184.628736 #
3752 train2018/3752.png 3 512 512 1 0 1 0 109.123584 123.452928 151.009792 165.339136 #
3753 train2018/3753.png 3 512 512 1 0 1 0 106.368 104.16384 146.600448 147.702784 #
3754 train2018/3754.png 3 512 512 1 0 1 0 95.345664 110.777344 135.026688 147.702784 #
3755 train2018/3755.png 3 512 512 1 0 1 0 92.59008 110.777344 135.026688 154.316288 #
3756 train2018/3756.png 3 512 512 1 0 1 0 92.59008 130.066944 130.066944 169.197056 #
3757 train2018/3757.png 3 512 512 1 0 1 0 116.839424 143.293952 158.174208 183.5264 #
3758 train2018/3758.png 3 512 512 1 0 1 0 123.452928 149.907456 160.929792 190.139904 #
3759 train2018/3759.png 3 512 512 1 0 1 0 128.413184 158.174208 164.2368 195.10016 #
3760 train2018/3760.png 3 512 512 1 0 1 0 118.493184 153.214464 157.071872 187.935232 #
3761 train2018/3761.png 3 512 512 1 0 1 0 88.180736 144.396288 189.588992 200.611328 #
3762 train2018/3762.png 3 512 512 1 0 1 0 99.754496 139.986944 177.463808 186.833408 #
3763 train2018/3763.png 3 512 512 1 0 1 0 106.919424 139.436032 180.770816 186.833408 #
3764 train2018/3764.png 3 512 512 1 0 1 0 99.203584 135.026688 179.117568 176.361472 #
3765 train2018/3765.png 3 512 512 1 0 1 0 104.714752 144.9472 177.463808 183.5264 #
3766 train2018/3766.png 3 512 512 1 0 1 0 104.714752 142.191616 181.873152 187.935232 #
3767 train2018/3767.png 3 512 512 1 0 1 0 105.817088 149.907456 175.259648 191.793152 #
3768 train2018/3768.png 3 512 512 1 0 1 0 99.754496 152.112128 174.157312 202.264576 #
3788 train2018/3788.png 3 512 512 1 0 1 0 122.902016 107.470336 154.867712 136.680448 #
3789 train2018/3789.png 3 512 512 1 0 1 0 132.822528 103.612416 161.481216 133.37344 #
3861 train2018/3861.png 3 512 512 1 0 2 0 115.986944 148.573696 156.306432 194.968576 0 119.853056 198.282752 150.782976 222.584832 #
3862 train2018/3862.png 3 512 512 1 0 2 0 118.748672 154.097152 160.724992 196.073472 0 120.957952 199.387136 156.85888 226.450944 #
3863 train2018/3863.png 3 512 512 1 0 2 0 127.585792 159.06816 167.352832 203.25376 0 126.480896 204.910592 160.172544 230.317056 #
3864 train2018/3864.png 3 512 512 1 0 2 0 123.167232 154.097152 162.381824 199.939584 0 129.795072 201.04448 162.381824 229.764608 #
3865 train2018/3865.png 3 512 512 1 0 2 0 126.480896 156.85888 161.829376 202.148864 0 128.690176 204.910592 158.515712 227.003392 #
3866 train2018/3866.png 3 512 512 1 0 2 0 133.108736 163.48672 171.771392 209.881088 0 134.76608 211.538432 169.562112 236.944896 #
3867 train2018/3867.png 3 512 512 1 0 2 0 122.062336 162.381824 162.934272 203.805696 0 132.004352 209.881088 170.11456 238.049792 #
3868 train2018/3868.png 3 512 512 1 0 2 0 123.71968 157.963264 159.06816 197.730304 0 133.661184 204.910592 167.352832 230.317056 #
3869 train2018/3869.png 3 512 512 1 0 1 0 120.957952 159.06816 155.753984 196.62592 #
3870 train2018/3870.png 3 512 512 1 0 1 0 114.88256 155.201536 157.410816 199.387136 #
3884 train2018/3884.png 3 512 512 1 0 1 0 180.608512 199.387136 216.508928 234.183168 #
3885 train2018/3885.png 3 512 512 1 0 1 0 169.009664 195.521024 220.375552 231.973888 #
3886 train2018/3886.png 3 512 512 1 0 1 0 170.666496 198.8352 214.299648 232.526336 #
3887 train2018/3887.png 3 512 512 1 0 1 0 162.381824 197.177856 212.090368 235.840512 #
3888 train2018/3888.png 3 512 512 1 0 1 0 159.620096 194.968576 206.014976 233.078784 #
3889 train2018/3889.png 3 512 512 1 0 1 0 149.126144 185.57952 194.41664 229.212672 #
3890 train2018/3890.png 3 512 512 1 0 1 0 155.201536 193.864192 204.358144 233.631232 #
3891 train2018/3891.png 3 512 512 1 0 1 0 156.306432 192.20736 208.776704 234.735616 #
3892 train2018/3892.png 3 512 512 1 0 1 0 162.934272 193.311744 211.538432 229.212672 #
3893 train2018/3893.png 3 512 512 1 0 1 0 169.562112 195.521024 211.538432 235.840512 #
3894 train2018/3894.png 3 512 512 1 0 1 0 170.11456 196.073472 218.166272 235.288064 #
3895 train2018/3895.png 3 512 512 1 0 1 0 182.265344 199.939584 220.927488 236.392448 #
3896 train2018/3896.png 3 512 512 1 0 1 0 161.829376 194.41664 206.014976 232.526336 #
3911 train2018/3911.png 3 512 512 1 0 1 0 172.32384 113.777664 204.910592 138.632192 #
3912 train2018/3912.png 3 512 512 1 0 1 0 162.934272 101.074432 204.910592 136.422912 #
3913 train2018/3913.png 3 512 512 1 0 1 0 155.201536 98.312704 197.177856 128.13824 #
3914 train2018/3914.png 3 512 512 1 0 1 0 150.782976 99.4176 192.20736 133.661184 #
3915 train2018/3915.png 3 512 512 1 0 1 0 153.544704 96.103424 199.939584 138.632192 #
3916 train2018/3916.png 3 512 512 1 0 1 0 139.18464 274.502656 176.189952 328.077824 #
3917 train2018/3917.png 3 512 512 1 0 1 0 138.632192 276.711936 183.37024 332.496384 #
3918 train2018/3918.png 3 512 512 1 0 1 0 140.841472 270.084096 187.7888 328.077824 #
3919 train2018/3919.png 3 512 512 1 0 1 0 145.260032 265.665536 186.683904 322.554368 #
3920 train2018/3920.png 3 512 512 1 0 1 0 154.6496 260.142592 194.968576 317.031424 #
3921 train2018/3921.png 3 512 512 1 0 1 0 145.260032 264.008704 188.340736 320.897536 #
3922 train2018/3922.png 3 512 512 1 0 1 0 142.498304 265.665536 186.131456 326.42048 #
3923 train2018/3923.png 3 512 512 1 0 1 0 139.18464 268.979712 187.7888 333.04832 #
3924 train2018/3924.png 3 512 512 1 0 1 0 124.824064 267.322368 173.428224 331.943936 #
3925 train2018/3925.png 3 512 512 1 0 1 0 126.480896 273.950208 172.32384 334.705664 #
3926 train2018/3926.png 3 512 512 1 0 1 0 132.004352 143.050752 171.771392 172.875776 #
3927 train2018/3927.png 3 512 512 1 0 1 0 126.480896 134.213632 165.696 171.218944 #
3928 train2018/3928.png 3 512 512 1 0 1 0 127.033344 128.13824 169.009664 165.143552 #
3929 train2018/3929.png 3 512 512 1 0 1 0 124.824064 119.30112 169.009664 158.515712 #
3930 train2018/3930.png 3 512 512 1 0 1 0 122.614784 128.690176 166.247936 167.90528 #
3943 train2018/3943.png 3 512 512 1 0 1 0 266.217984 183.922176 303.223296 226.450944 #
3944 train2018/3944.png 3 512 512 1 0 1 0 265.665536 182.817792 305.985024 227.003392 #
4052 train2018/4052.png 3 512 512 1 0 1 0 48.408064 134.162944 188.946432 316.035584 #
4101 train2018/4101.png 3 512 512 1 0 1 0 137.782784 118.493184 217.696256 189.588992 #
4102 train2018/4102.png 3 512 512 1 0 1 0 132.271104 122.902016 217.696256 189.588992 #
4103 train2018/4103.png 3 512 512 1 0 1 0 125.6576 123.452928 221.003264 200.060416 #
4104 train2018/4104.png 3 512 512 1 0 1 0 128.964608 119.595008 221.003264 203.918336 #
4105 train2018/4105.png 3 512 512 1 0 1 0 138.884608 118.493184 219.900928 196.202496 #
4106 train2018/4106.png 3 512 512 1 0 1 0 112.430592 125.106688 218.798592 205.020672 #
4107 train2018/4107.png 3 512 512 1 0 1 0 120.697344 120.697344 225.412096 207.224832 #
4114 train2018/4114.png 3 512 512 1 0 1 0 67.237888 274.46272 228.16768 411.143168 #
4115 train2018/4115.png 3 512 512 1 0 1 0 91.487744 271.156224 257.928704 400.671744 #
4116 train2018/4116.png 3 512 512 1 0 1 0 83.22048 279.9744 248.008704 406.182912 #
4117 train2018/4117.png 3 512 512 1 0 1 0 58.971136 265.093632 216.043008 399.569408 #
4118 train2018/4118.png 3 512 512 1 0 1 0 62.277632 280.525312 221.554176 395.160576 #
4119 train2018/4119.png 3 512 512 1 0 1 0 56.766464 260.6848 218.24768 408.387584 #
4120 train2018/4120.png 3 512 512 1 0 1 0 74.402816 265.644544 237.53728 412.796416 #
4121 train2018/4121.png 3 512 512 1 0 1 0 76.056064 284.383232 213.287424 407.83616 #
4122 train2018/4122.png 3 512 512 1 0 1 0 66.135552 278.32064 215.492096 416.654336 #
4123 train2018/4123.png 3 512 512 1 0 1 0 92.038656 287.138816 245.25312 412.796416 #
4124 train2018/4124.png 3 512 512 1 0 1 0 29.761024 131.168768 151.009792 261.786624 #
4125 train2018/4125.png 3 512 512 1 0 1 0 36.925952 116.839424 153.765376 256.275456 #
4126 train2018/4126.png 3 512 512 1 0 1 0 36.925952 121.248768 154.867712 255.17312 #
4127 train2018/4127.png 3 512 512 1 0 1 0 49.050624 120.697344 163.685888 248.559616 #
4128 train2018/4128.png 3 512 512 1 0 1 0 31.965696 140.538368 157.623296 274.46272 #
4129 train2018/4129.png 3 512 512 1 0 1 0 34.169856 140.538368 155.970048 269.502464 #
4219 train2018/4219.png 3 512 512 1 0 1 0 24.800768 119.044096 181.321728 299.814912 #
4220 train2018/4220.png 3 512 512 1 0 1 0 17.636352 98.101248 166.992384 288.792064 #
4221 train2018/4221.png 3 512 512 1 0 1 0 18.738176 90.385408 162.583552 259.03104 #
4222 train2018/4222.png 3 512 512 1 0 1 0 17.084928 103.061504 159.276544 281.627648 #
4259 train2018/4259.png 3 512 512 1 0 1 0 36.925952 106.368 175.81056 327.922688 #
4260 train2018/4260.png 3 512 512 1 0 1 0 36.374528 99.754496 189.037568 337.291776 #
4261 train2018/4261.png 3 512 512 1 0 1 0 31.489536 96.448 189.663744 327.922688 #
4262 train2018/4262.png 3 512 512 1 0 1 0 34.00704 89.283072 181.158912 313.04192 #
4263 train2018/4263.png 3 512 512 1 0 1 0 36.289536 93.140992 173.521408 324.61568 #
4264 train2018/4264.png 3 512 512 1 0 1 0 33.847296 91.487744 183.203328 341.149696 #
4265 train2018/4265.png 3 512 512 1 0 1 0 29.754368 83.771904 182.968832 313.593344 #
4266 train2018/4266.png 3 512 512 1 0 1 0 32.4352 85.425152 175.177728 308.633088 #
4267 train2018/4267.png 3 512 512 1 0 1 0 35.272192 80.464896 172.503552 283.280896 #
4268 train2018/4268.png 3 512 512 1 0 1 0 33.618944 78.811648 175.81056 286.587904 #
4269 train2018/4269.png 3 512 512 1 0 1 0 33.693696 73.851392 165.413888 283.280896 #
4270 train2018/4270.png 3 512 512 1 0 1 0 39.681536 84.87424 182.975488 261.786624 #
4314 train2018/4314.png 3 512 512 1 0 1 0 73.30048 83.771904 192.895488 214.38976 #
4315 train2018/4315.png 3 512 512 1 0 1 0 61.72672 98.65216 181.873152 217.696256 #
4316 train2018/4316.png 3 512 512 1 0 1 0 65.033216 79.36256 170.850304 174.708224 #
4317 train2018/4317.png 3 512 512 1 0 1 0 48.499712 87.0784 161.481216 193.997824 #
4318 train2018/4318.png 3 512 512 1 0 1 0 60.624384 77.709312 161.481216 182.424064 #
4319 train2018/4319.png 3 512 512 1 0 1 0 45.192704 76.056064 153.765376 181.321728 #
4320 train2018/4320.png 3 512 512 1 0 1 0 67.237888 94.243328 173.054976 195.651072 #
4321 train2018/4321.png 3 512 512 1 0 1 0 51.255296 100.856832 182.975488 207.776256 #
4490 train2018/4490.png 3 512 512 1 0 2 0 184.58624 249.342976 257.210368 389.144064 0 174.298112 148.274176 260.841472 197.9008 #
4491 train2018/4491.png 3 512 512 1 0 2 0 195.480064 263.262208 259.02592 393.986048 0 168.24576 146.458624 258.420736 193.059328 #
4492 train2018/4492.png 3 512 512 1 0 2 0 168.850944 278.39232 252.97408 399.432704 0 160.983552 147.668992 246.316544 193.059328 #
4493 train2018/4493.png 3 512 512 1 0 2 0 187.61216 296.548352 248.737792 403.668992 0 149.484544 147.063808 241.475072 196.690432 #
4494 train2018/4494.png 3 512 512 1 0 2 0 165.21984 286.260224 237.238784 401.85344 0 142.82752 150.089728 228.160512 195.480064 #
4495 train2018/4495.png 3 512 512 1 0 2 0 174.298112 300.78464 242.080256 410.9312 0 141.617152 153.115648 233.002496 205.768192 #
4506 train2018/4506.png 3 512 512 1 0 1 0 29.049856 154.9312 113.777664 264.472576 #
4507 train2018/4507.png 3 512 512 1 0 1 0 29.049856 137.380864 104.09472 257.210368 #
4508 train2018/4508.png 3 512 512 1 0 1 0 42.363904 174.903296 130.118144 283.233792 #
4509 train2018/4509.png 3 512 512 1 0 1 0 36.917248 173.692416 129.51296 287.470592 #
4510 train2018/4510.png 3 512 512 1 0 1 0 40.548352 174.903296 142.222336 294.127616 #
4511 train2018/4511.png 3 512 512 1 0 1 0 21.787136 174.298112 119.224832 283.233792 #
4512 train2018/4512.png 3 512 512 1 0 1 0 20.576768 188.822528 116.803584 293.522432 #
4513 train2018/4513.png 3 512 512 1 0 1 0 24.207872 165.21984 122.855936 275.971584 #
4514 train2018/4514.png 3 512 512 1 0 1 0 33.286144 157.352448 113.777664 254.184448 #
4515 train2018/4515.png 3 512 512 1 0 1 0 93.80608 39.943168 184.58624 92.595712 #
4516 train2018/4516.png 3 512 512 1 0 1 0 96.832 35.70688 168.24576 86.543872 #
4517 train2018/4517.png 3 512 512 1 0 1 0 99.252736 45.389824 191.243264 94.411264 #
4518 train2018/4518.png 3 512 512 1 0 1 0 100.463104 35.101696 199.111168 104.699904 #
4519 train2018/4519.png 3 512 512 1 0 1 0 108.936192 47.811072 185.796608 110.14656 #
4520 train2018/4520.png 3 512 512 1 0 1 0 98.042368 47.811072 169.456128 101.673984 #
4521 train2018/4521.png 3 512 512 1 0 1 0 93.80608 36.312064 170.666496 101.0688 #
4522 train2018/4522.png 3 512 512 1 0 1 0 101.0688 19.971584 181.56032 79.886336 #
4523 train2018/4523.png 3 512 512 1 0 1 0 96.226816 15.130112 172.482048 87.149056 #
4524 train2018/4524.png 3 512 512 1 0 1 0 196.690432 174.903296 271.735296 299.574272 #
4525 train2018/4525.png 3 512 512 1 0 1 0 218.477568 210.00448 271.130112 292.917248 #
4526 train2018/4526.png 3 512 512 1 0 1 0 225.134592 217.2672 278.39232 280.813056 #
4527 train2018/4527.png 3 512 512 1 0 1 0 211.820544 208.188928 285.049856 273.550848 #
4528 train2018/4528.png 3 512 512 1 0 1 0 208.188928 221.503488 264.472576 272.945664 #
4529 train2018/4529.png 3 512 512 1 0 1 0 196.690432 217.872384 278.997504 280.813056 #
4530 train2018/4530.png 3 512 512 1 0 1 0 188.822528 200.321536 263.867392 274.761216 #
4541 train2018/4541.png 3 512 512 1 0 1 0 16.945664 119.224832 98.042368 257.815552 #
4542 train2018/4542.png 3 512 512 1 0 1 0 20.576768 102.279168 94.411264 262.657024 #
4543 train2018/4543.png 3 512 512 1 0 1 0 14.524928 104.09472 95.621632 275.3664 #
4544 train2018/4544.png 3 512 512 1 0 1 0 15.130112 116.1984 109.541376 304.416256 #
4545 train2018/4545.png 3 512 512 1 0 1 0 21.181952 100.463104 96.832 300.78464 #
4546 train2018/4546.png 3 512 512 1 0 1 0 17.550848 115.593216 101.0688 295.943168 #
4547 train2018/4547.png 3 512 512 1 0 1 0 8.472576 124.671488 93.80608 289.891328 #
4548 train2018/4548.png 3 512 512 1 0 1 0 8.472576 148.274176 92.595712 301.389824 #
4549 train2018/4549.png 3 512 512 1 0 1 0 14.524928 169.456128 90.174976 307.442176 #
4550 train2018/4550.png 3 512 512 1 0 1 0 6.05184 168.24576 81.701888 305.626624 #
4551 train2018/4551.png 3 512 512 1 0 1 0 16.945664 171.27168 101.673984 309.862912 #
4552 train2018/4552.png 3 512 512 1 0 1 0 14.524928 157.352448 95.621632 294.7328 #
4553 train2018/4553.png 3 512 512 1 0 1 0 15.130112 153.115648 104.09472 308.04736 #
4555 train2018/4555.png 3 512 512 1 0 1 0 13.31456 130.723328 98.647552 294.7328 #
4566 train2018/4566.png 3 512 512 1 0 1 0 23.602688 242.080256 93.80608 347.385344 #
4574 train2018/4574.png 3 512 512 1 0 1 0 130.10688 132.21376 164.872192 202.271744 #
4575 train2018/4575.png 3 512 512 1 0 1 0 134.321152 136.428032 170.14016 203.851776 #
4576 train2018/4576.png 3 512 512 1 0 1 0 119.571968 126.946304 156.971008 202.798592 #
4577 train2018/4577.png 3 512 512 1 0 1 0 127.473152 135.901184 160.658432 202.271744 #
4616 train2018/4616.png 3 512 512 1 0 1 0 264.428032 61.62944 352.9216 134.321152 #
4617 train2018/4617.png 3 512 512 1 0 1 0 258.633728 71.638016 344.49408 142.749184 #
4618 train2018/4618.png 3 512 512 1 0 1 0 251.259392 69.530624 332.905472 131.687424 #
4619 train2018/4619.png 3 512 512 1 0 1 0 270.749184 81.119232 353.975296 161.18528 #
4675 train2018/4675.png 3 512 512 1 0 1 0 207.012352 352.9216 238.617088 387.160576 #
4676 train2018/4676.png 3 512 512 1 0 1 0 192.790016 345.547264 242.83136 388.740608 #
4677 train2018/4677.png 3 512 512 1 0 1 0 207.012352 340.806656 240.197632 378.205696 #
4678 train2018/4678.png 3 512 512 1 0 1 0 208.066048 342.913536 242.304512 372.93824 #
4679 train2018/4679.png 3 512 512 1 0 1 0 211.75296 345.547264 251.259392 380.312576 #
4680 train2018/4680.png 3 512 512 1 0 1 0 207.5392 340.279808 256.526848 377.152512 #
4681 train2018/4681.png 3 512 512 1 0 1 0 213.333504 345.547264 253.89312 379.259392 #
4682 train2018/4682.png 3 512 512 1 0 1 0 115.358208 175.407616 195.950592 219.654144 #
4683 train2018/4683.png 3 512 512 1 0 1 0 122.205696 176.4608 200.6912 222.287872 #
4684 train2018/4684.png 3 512 512 1 0 1 0 103.7696 165.925888 186.995712 201.744896 #
4685 train2018/4685.png 3 512 512 1 0 1 0 105.349632 169.086464 189.103104 202.271744 #
4686 train2018/4686.png 3 512 512 1 0 1 0 106.403328 152.757248 191.209984 195.950592 #
4687 train2018/4687.png 3 512 512 1 0 1 0 111.143936 132.740608 176.4608 181.201408 #
4688 train2018/4688.png 3 512 512 1 0 1 0 102.715904 132.740608 168.032768 175.407616 #
4703 train2018/4703.png 3 512 512 1 0 1 0 223.868416 104.296448 244.93824 138.008064 #
4706 train2018/4706.png 3 512 512 1 0 1 0 252.839424 170.14016 295.50592 192.263168 #
4845 train2018/4845.png 3 512 512 1 0 1 0 144.643072 115.593216 169.456128 168.850944 #
4846 train2018/4846.png 3 512 512 1 0 1 0 155.536896 122.250752 175.50848 182.165504 #
4847 train2018/4847.png 3 512 512 1 0 1 0 202.137088 87.75424 226.950144 109.541376 #
4848 train2018/4848.png 3 512 512 1 0 2 0 203.95264 90.78016 225.739776 111.356928 0 143.432704 75.650048 168.24576 96.832 #
4849 train2018/4849.png 3 512 512 1 0 2 0 202.742272 84.72832 225.134592 109.541376 0 143.432704 75.650048 169.456128 96.832 #
4850 train2018/4850.png 3 512 512 1 0 1 0 148.87936 85.333504 167.640576 102.884352 #
4869 train2018/4869.png 3 512 512 1 0 1 0 56.888832 297.153536 96.226816 320.756736 #
4870 train2018/4870.png 3 512 512 1 0 1 0 52.652544 294.127616 96.832 318.335488 #
4871 train2018/4871.png 3 512 512 1 0 1 0 50.231808 305.626624 97.437184 332.255232 #
4872 train2018/4872.png 3 512 512 1 0 1 0 42.363904 310.468096 83.517952 331.650048 #
4873 train2018/4873.png 3 512 512 1 0 1 0 285.049856 111.962112 306.231808 133.144064 #
4874 train2018/4874.png 3 512 512 1 0 1 0 286.865408 114.382848 308.652544 136.775168 #
4875 train2018/4875.png 3 512 512 1 0 2 0 357.673984 177.929216 381.276672 205.163008 0 293.522432 118.619136 318.940672 146.458624 #
4876 train2018/4876.png 3 512 512 1 0 2 0 354.042368 185.191424 374.619136 208.188928 0 303.811072 128.907776 329.229312 152.510464 #
4877 train2018/4877.png 3 512 512 1 0 1 0 348.595712 182.165504 375.830016 213.030912 #
4897 train2018/4897.png 3 512 512 1 0 1 0 277.181952 206.97856 308.652544 238.449152 #
4898 train2018/4898.png 3 512 512 1 0 1 0 301.99552 210.00448 324.38784 239.65952 #
4899 train2018/4899.png 3 512 512 1 0 1 0 277.787136 217.872384 303.811072 251.158528 #
4900 train2018/4900.png 3 512 512 1 0 1 0 272.945664 220.29312 298.969088 253.579264 #
4919 train2018/4919.png 3 512 512 1 0 1 0 175.50848 124.671488 207.583744 147.063808 #
4920 train2018/4920.png 3 512 512 1 0 1 0 169.456128 120.4352 211.21536 146.458624 #
4921 train2018/4921.png 3 512 512 1 0 1 0 173.087232 118.013952 211.820544 141.011968 #
4922 train2018/4922.png 3 512 512 1 0 1 0 167.035392 117.408768 206.97856 145.248256 #
4923 train2018/4923.png 3 512 512 1 0 1 0 149.484544 127.697408 193.664512 151.90528 #
4924 train2018/4924.png 3 512 512 1 0 1 0 157.957632 124.671488 202.137088 154.326016 #
4925 train2018/4925.png 3 512 512 1 0 1 0 170.666496 142.82752 202.742272 168.850944 #
4926 train2018/4926.png 3 512 512 1 0 1 0 180.955136 141.011968 219.687936 173.087232 #
4927 train2018/4927.png 3 512 512 1 0 1 0 188.217344 147.063808 228.766208 171.27168 #
4928 train2018/4928.png 3 512 512 1 0 1 0 191.848448 142.82752 231.792128 172.482048 #
4970 train2018/4970.png 3 512 512 1 0 1 0 150.089728 81.701888 196.690432 151.90528 #
4971 train2018/4971.png 3 512 512 1 0 1 0 151.300096 85.938688 180.955136 131.328512 #
4972 train2018/4972.png 3 512 512 1 0 1 0 151.300096 79.886336 186.401792 131.933696 #
4973 train2018/4973.png 3 512 512 1 0 2 0 134.959616 78.070784 171.876864 124.671488 0 219.687936 78.070784 250.553344 107.725824 #
4974 train2018/4974.png 3 512 512 1 0 2 0 130.723328 66.572288 168.24576 127.092224 0 217.872384 76.255232 245.106176 110.751744 #
4975 train2018/4975.png 3 512 512 1 0 1 0 220.29312 77.4656 243.290624 107.12064 #
4976 train2018/4976.png 3 512 512 1 0 1 0 321.967104 68.38784 342.543872 90.78016 #
4977 train2018/4977.png 3 512 512 1 0 1 0 296.548352 45.389824 349.200896 78.070784 #
4978 train2018/4978.png 3 512 512 1 0 1 0 289.891328 41.153536 343.75424 72.018944 #
4979 train2018/4979.png 3 512 512 1 0 1 0 50.231808 153.720832 68.993024 204.557824 #
4980 train2018/4980.png 3 512 512 1 0 1 0 54.468096 155.536896 77.4656 201.531904 #
4981 train2018/4981.png 3 512 512 1 0 1 0 57.494016 160.983552 83.517952 200.321536 #
4982 train2018/4982.png 3 512 512 1 0 1 0 129.51296 56.283648 179.139584 77.4656 #
4996 train2018/4996.png 3 512 512 1 0 1 0 282.023424 320.756736 338.307584 344.964608 #
4997 train2018/4997.png 3 512 512 1 0 1 0 285.049856 321.36192 337.701888 344.359424 #
5029 train2018/5029.png 3 512 512 1 0 1 0 254.184448 84.123136 286.260224 105.910272 #
5030 train2018/5030.png 3 512 512 1 0 1 0 251.763712 77.4656 285.049856 102.279168 #
5031 train2018/5031.png 3 512 512 1 0 1 0 245.71136 80.49152 262.05184 98.647552 #
5046 train2018/5046.png 3 512 512 1 0 1 0 193.664512 51.442176 204.557824 68.38784 #
5054 train2018/5054.png 3 512 512 1 0 1 0 220.29312 134.959616 232.397312 157.957632 #
5055 train2018/5055.png 3 512 512 1 0 1 0 202.742272 118.619136 214.846464 139.196416 #
5056 train2018/5056.png 3 512 512 1 0 1 0 199.716352 119.830016 212.425728 141.011968 #
5057 train2018/5057.png 3 512 512 1 0 1 0 219.082752 125.276672 236.028416 150.089728 #
5058 train2018/5058.png 3 512 512 1 0 1 0 225.134592 127.697408 239.65952 154.326016 #
5059 train2018/5059.png 3 512 512 1 0 1 0 222.713856 125.881856 238.449152 149.484544 #
5060 train2018/5060.png 3 512 512 1 0 1 0 191.848448 44.78464 229.371392 64.756736 #
5061 train2018/5061.png 3 512 512 1 0 1 0 173.087232 30.260224 205.768192 46.600704 #
5062 train2018/5062.png 3 512 512 1 0 1 0 170.061312 18.761216 197.9008 33.286144 #
5063 train2018/5063.png 3 512 512 1 0 1 0 177.324032 44.78464 210.610176 62.335488 #
5064 train2018/5064.png 3 512 512 1 0 1 0 185.796608 55.678464 205.768192 68.993024 #
5073 train2018/5073.png 3 512 512 1 0 1 0 135.5648 214.24128 176.113664 234.212864 #
5074 train2018/5074.png 3 512 512 1 0 1 0 155.536896 246.92224 190.63808 263.867392 #
5120 train2018/5120.png 3 512 512 1 0 1 0 94.642176 295.563776 123.345408 334.35136 #
5121 train2018/5121.png 3 512 512 1 0 1 0 86.884864 291.684864 122.569728 325.042176 #
5122 train2018/5122.png 3 512 512 1 0 1 0 87.660544 281.6 118.690816 311.854592 #
5131 train2018/5131.png 3 512 512 1 0 1 0 386.32704 89.988096 408.04864 116.363776 #
5132 train2018/5132.png 3 512 512 1 0 1 0 387.103232 94.642176 411.15136 121.018368 #
5133 train2018/5133.png 3 512 512 1 0 1 0 382.44864 85.333504 404.945408 111.709184 #
5134 train2018/5134.png 3 512 512 1 0 1 0 379.345408 76.8 400.0 104.0 #
5178 train2018/5178.png 3 512 512 1 0 1 0 177.64864 117.139456 193.939456 134.981632 #
5179 train2018/5179.png 3 512 512 1 0 1 0 170.666496 119.466496 185.405952 135.757824 #
